41,114
41,115
41,116
41,117
41,118
41,119
41,120
41,121
41,122
41,123
41,124
41,125
41,126
42,112
42,113
42,114
42,115
42,116
42,117
42,118
42,119
42,120
42,121
42,122
42,123
42,124
42,125
42,126
42,127
42,128
43,110
43,111
43,112
43,113
43,114
43,115
43,116
43,117
43,118
43,119
43,120
43,121
43,122
43,123
43,124
43,125
43,126
43,127
43,128
43,129
43,130
44,109
44,110
44,111
44,112
44,113
44,114
44,115
44,116
44,117
44,118
44,119
44,120
44,121
44,122
44,123
44,124
44,125
44,126
44,127
44,128
44,129
44,130
44,131
45,107
45,108
45,109
45,110
45,111
45,112
45,113
45,114
45,115
45,116
45,117
45,118
45,119
45,120
45,121
45,122
45,123
45,124
45,125
45,126
45,127
45,128
45,129
45,130
45,131
45,132
45,133
46,106
46,107
46,108
46,109
46,110
46,111
46,112
46,113
46,114
46,115
46,116
46,117
46,118
46,119
46,120
46,121
46,122
46,123
46,124
46,125
46,126
46,127
46,128
46,129
46,130
46,131
46,132
46,133
46,134
47,105
47,106
47,107
47,108
47,109
47,110
47,111
47,112
47,113
47,114
47,115
47,116
47,117
47,118
47,119
47,120
47,121
47,122
47,123
47,124
47,125
47,126
47,127
47,128
47,129
47,130
47,131
47,132
47,133
47,134
47,135
48,105
48,106
48,107
48,108
48,109
48,110
48,111
48,112
48,113
48,114
48,115
48,116
48,117
48,118
48,119
48,120
48,121
48,122
48,123
48,124
48,125
48,126
48,127
48,128
48,129
48,130
48,131
48,132
48,133
48,134
48,135
49,104
49,105
49,106
49,107
49,108
49,109
49,110
49,111
49,112
49,113
49,114
49,115
49,116
49,117
49,118
49,119
49,120
49,121
49,122
49,123
49,124
49,125
49,126
49,127
49,128
49,129
49,130
49,131
49,132
49,133
49,134
49,135
49,136
50,103
50,104
50,105
50,106
50,107
50,108
50,109
50,110
50,111
50,112
50,113
50,114
50,115
50,116
50,117
50,118
50,119
50,120
50,121
50,122
50,123
50,124
50,125
50,126
50,127
50,128
50,129
50,130
50,131
50,132
50,133
50,134
50,135
50,136
50,137
51,103
51,104
51,105
51,106
51,107
51,108
51,109
51,110
51,111
51,112
51,113
51,114
51,115
51,116
51,117
51,118
51,119
51,120
51,121
51,122
51,123
51,124
51,125
51,126
51,127
51,128
51,129
51,130
51,131
51,132
51,133
51,134
51,135
51,136
51,137
52,102
52,103
52,104
52,105
52,106
52,107
52,108
52,109
52,110
52,111
52,112
52,113
52,114
52,115
52,116
52,117
52,118
52,119
52,120
52,121
52,122
52,123
52,124
52,125
52,126
52,127
52,128
52,129
52,130
52,131
52,132
52,133
52,134
52,135
52,136
52,137
52,138
53,102
53,103
53,104
53,105
53,106
53,107
53,108
53,109
53,110
53,111
53,112
53,113
53,114
53,115
53,116
53,117
53,118
53,119
53,120
53,121
53,122
53,123
53,124
53,125
53,126
53,127
53,128
53,129
53,130
53,131
53,132
53,133
53,134
53,135
53,136
53,137
53,138
54,101
54,102
54,103
54,104
54,105
54,106
54,107
54,108
54,109
54,110
54,111
54,112
54,113
54,114
54,115
54,116
54,117
54,118
54,119
54,120
54,121
54,122
54,123
54,124
54,125
54,126
54,127
54,128
54,129
54,130
54,131
54,132
54,133
54,134
54,135
54,136
54,137
54,138
54,139
55,101
55,102
55,103
55,104
55,105
55,106
55,107
55,108
55,109
55,110
55,111
55,112
55,113
55,114
55,115
55,116
55,117
55,118
55,119
55,120
55,121
55,122
55,123
55,124
55,125
55,126
55,127
55,128
55,129
55,130
55,131
55,132
55,133
55,134
55,135
55,136
55,137
55,138
55,139
56,101
56,102
56,103
56,104
56,105
56,106
56,107
56,108
56,109
56,110
56,111
56,112
56,113
56,114
56,115
56,116
56,117
56,118
56,119
56,120
56,121
56,122
56,123
56,124
56,125
56,126
56,127
56,128
56,129
56,130
56,131
56,132
56,133
56,134
56,135
56,136
56,137
56,138
56,139
57,101
57,102
57,103
57,104
57,105
57,106
57,107
57,108
57,109
57,110
57,111
57,112
57,113
57,114
57,115
57,116
57,117
57,118
57,119
57,120
57,121
57,122
57,123
57,124
57,125
57,126
57,127
57,128
57,129
57,130
57,131
57,132
57,133
57,134
57,135
57,136
57,137
57,138
57,139
58,101
58,102
58,103
58,104
58,105
58,106
58,107
58,108
58,109
58,110
58,111
58,112
58,113
58,114
58,115
58,116
58,117
58,118
58,119
58,120
58,121
58,122
58,123
58,124
58,125
58,126
58,127
58,128
58,129
58,130
58,131
58,132
58,133
58,134
58,135
58,136
58,137
58,138
58,139
59,101
59,102
59,103
59,104
59,105
59,106
59,107
59,108
59,109
59,110
59,111
59,112
59,113
59,114
59,115
59,116
59,117
59,118
59,119
59,120
59,121
59,122
59,123
59,124
59,125
59,126
59,127
59,128
59,129
59,130
59,131
59,132
59,133
59,134
59,135
59,136
59,137
59,138
59,139
60,101
60,102
60,103
60,104
60,105
60,106
60,107
60,108
60,109
60,110
60,111
60,112
60,113
60,114
60,115
60,116
60,117
60,118
60,119
60,120
60,121
60,122
60,123
60,124
60,125
60,126
60,127
60,128
60,129
60,130
60,131
60,132
60,133
60,134
60,135
60,136
60,137
60,138
60,139
61,101
61,102
61,103
61,104
61,105
61,106
61,107
61,108
61,109
61,110
61,111
61,112
61,113
61,114
61,115
61,116
61,117
61,118
61,119
61,120
61,121
61,122
61,123
61,124
61,125
61,126
61,127
61,128
61,129
61,130
61,131
61,132
61,133
61,134
61,135
61,136
61,137
61,138
61,139
62,101
62,102
62,103
62,104
62,105
62,106
62,107
62,108
62,109
62,110
62,111
62,112
62,113
62,114
62,115
62,116
62,117
62,118
62,119
62,120
62,121
62,122
62,123
62,124
62,125
62,126
62,127
62,128
62,129
62,130
62,131
62,132
62,133
62,134
62,135
62,136
62,137
62,138
62,139
63,101
63,102
63,103
63,104
63,105
63,106
63,107
63,108
63,109
63,110
63,111
63,112
63,113
63,114
63,115
63,116
63,117
63,118
63,119
63,120
63,121
63,122
63,123
63,124
63,125
63,126
63,127
63,128
63,129
63,130
63,131
63,132
63,133
63,134
63,135
63,136
63,137
63,138
63,139
64,101
64,102
64,103
64,104
64,105
64,106
64,107
64,108
64,109
64,110
64,111
64,112
64,113
64,114
64,115
64,116
64,117
64,118
64,119
64,120
64,121
64,122
64,123
64,124
64,125
64,126
64,127
64,128
64,129
64,130
64,131
64,132
64,133
64,134
64,135
64,136
64,137
64,138
64,139
65,101
65,102
65,103
65,104
65,105
65,106
65,107
65,108
65,109
65,110
65,111
65,112
65,113
65,114
65,115
65,116
65,117
65,118
65,119
65,120
65,121
65,122
65,123
65,124
65,125
65,126
65,127
65,128
65,129
65,130
65,131
65,132
65,133
65,134
65,135
65,136
65,137
65,138
65,139
66,101
66,102
66,103
66,104
66,105
66,106
66,107
66,108
66,109
66,110
66,111
66,112
66,113
66,114
66,115
66,116
66,117
66,118
66,119
66,120
66,121
66,122
66,123
66,124
66,125
66,126
66,127
66,128
66,129
66,130
66,131
66,132
66,133
66,134
66,135
66,136
66,137
66,138
66,139
67,102
67,103
67,104
67,105
67,106
67,107
67,108
67,109
67,110
67,111
67,112
67,113
67,114
67,115
67,116
67,117
67,118
67,119
67,120
67,121
67,122
67,123
67,124
67,125
67,126
67,127
67,128
67,129
67,130
67,131
67,132
67,133
67,134
67,135
67,136
67,137
67,138
68,102
68,103
68,104
68,105
68,106
68,107
68,108
68,109
68,110
68,111
68,112
68,113
68,114
68,115
68,116
68,117
68,118
68,119
68,120
68,121
68,122
68,123
68,124
68,125
68,126
68,127
68,128
68,129
68,130
68,131
68,132
68,133
68,134
68,135
68,136
68,137
68,138
69,103
69,104
69,105
69,106
69,107
69,108
69,109
69,110
69,111
69,112
69,113
69,114
69,115
69,116
69,117
69,118
69,119
69,120
69,121
69,122
69,123
69,124
69,125
69,126
69,127
69,128
69,129
69,130
69,131
69,132
69,133
69,134
69,135
69,136
69,137
70,103
70,104
70,105
70,106
70,107
70,108
70,109
70,110
70,111
70,112
70,113
70,114
70,115
70,116
70,117
70,118
70,119
70,120
70,121
70,122
70,123
70,124
70,125
70,126
70,127
70,128
70,129
70,130
70,131
70,132
70,133
70,134
70,135
70,136
70,137
71,104
71,105
71,106
71,107
71,108
71,109
71,110
71,111
71,112
71,113
71,114
71,115
71,116
71,117
71,118
71,119
71,120
71,121
71,122
71,123
71,124
71,125
71,126
71,127
71,128
71,129
71,130
71,131
71,132
71,133
71,134
71,135
71,136
72,105
72,106
72,107
72,108
72,109
72,110
72,111
72,112
72,113
72,114
72,115
72,116
72,117
72,118
72,119
72,120
72,121
72,122
72,123
72,124
72,125
72,126
72,127
72,128
72,129
72,130
72,131
72,132
72,133
72,134
72,135
73,105
73,106
73,107
73,108
73,109
73,110
73,111
73,112
73,113
73,114
73,115
73,116
73,117
73,118
73,119
73,120
73,121
73,122
73,123
73,124
73,125
73,126
73,127
73,128
73,129
73,130
73,131
73,132
73,133
73,134
73,135
74,106
74,107
74,108
74,109
74,110
74,111
74,112
74,113
74,114
74,115
74,116
74,117
74,118
74,119
74,120
74,121
74,122
74,123
74,124
74,125
74,126
74,127
74,128
74,129
74,130
74,131
74,132
74,133
74,134
75,107
75,108
75,109
75,110
75,111
75,112
75,113
75,114
75,115
75,116
75,117
75,118
75,119
75,120
75,121
75,122
75,123
75,124
75,125
75,126
75,127
75,128
75,129
75,130
75,131
75,132
75,133
76,109
76,110
76,111
76,112
76,113
76,114
76,115
76,116
76,117
76,118
76,119
76,120
76,121
76,122
76,123
76,124
76,125
76,126
76,127
76,128
76,129
76,130
76,131
77,110
77,111
77,112
77,113
77,114
77,115
77,116
77,117
77,118
77,119
77,120
77,121
77,122
77,123
77,124
77,125
77,126
77,127
77,128
77,129
77,130
78,112
78,113
78,114
78,115
78,116
78,117
78,118
78,119
78,120
78,121
78,122
78,123
78,124
78,125
78,126
78,127
78,128
79,114
79,115
79,116
79,117
79,118
79,119
79,120
79,121
79,122
79,123
79,124
79,125
79,126
-19,194
-19,195
-19,196
-19,197
-19,198
-19,199
-19,200
-19,201
-19,202
-19,203
-19,204
-19,205
-19,206
-18,192
-18,193
-18,194
-18,195
-18,196
-18,197
-18,198
-18,199
-18,200
-18,201
-18,202
-18,203
-18,204
-18,205
-18,206
-18,207
-18,208
-17,190
-17,191
-17,192
-17,193
-17,194
-17,195
-17,196
-17,197
-17,198
-17,199
-17,200
-17,201
-17,202
-17,203
-17,204
-17,205
-17,206
-17,207
-17,208
-17,209
-17,210
-16,189
-16,190
-16,191
-16,192
-16,193
-16,194
-16,195
-16,196
-16,197
-16,198
-16,199
-16,200
-16,201
-16,202
-16,203
-16,204
-16,205
-16,206
-16,207
-16,208
-16,209
-16,210
-16,211
-15,187
-15,188
-15,189
-15,190
-15,191
-15,192
-15,193
-15,194
-15,195
-15,196
-15,197
-15,198
-15,199
-15,200
-15,201
-15,202
-15,203
-15,204
-15,205
-15,206
-15,207
-15,208
-15,209
-15,210
-15,211
-15,212
-15,213
-14,186
-14,187
-14,188
-14,189
-14,190
-14,191
-14,192
-14,193
-14,194
-14,195
-14,196
-14,197
-14,198
-14,199
-14,200
-14,201
-14,202
-14,203
-14,204
-14,205
-14,206
-14,207
-14,208
-14,209
-14,210
-14,211
-14,212
-14,213
-14,214
-13,185
-13,186
-13,187
-13,188
-13,189
-13,190
-13,191
-13,192
-13,193
-13,194
-13,195
-13,196
-13,197
-13,198
-13,199
-13,200
-13,201
-13,202
-13,203
-13,204
-13,205
-13,206
-13,207
-13,208
-13,209
-13,210
-13,211
-13,212
-13,213
-13,214
-13,215
-12,185
-12,186
-12,187
-12,188
-12,189
-12,190
-12,191
-12,192
-12,193
-12,194
-12,195
-12,196
-12,197
-12,198
-12,199
-12,200
-12,201
-12,202
-12,203
-12,204
-12,205
-12,206
-12,207
-12,208
-12,209
-12,210
-12,211
-12,212
-12,213
-12,214
-12,215
-11,184
-11,185
-11,186
-11,187
-11,188
-11,189
-11,190
-11,191
-11,192
-11,193
-11,194
-11,195
-11,196
-11,197
-11,198
-11,199
-11,200
-11,201
-11,202
-11,203
-11,204
-11,205
-11,206
-11,207
-11,208
-11,209
-11,210
-11,211
-11,212
-11,213
-11,214
-11,215
-11,216
-10,183
-10,184
-10,185
-10,186
-10,187
-10,188
-10,189
-10,190
-10,191
-10,192
-10,193
-10,194
-10,195
-10,196
-10,197
-10,198
-10,199
-10,200
-10,201
-10,202
-10,203
-10,204
-10,205
-10,206
-10,207
-10,208
-10,209
-10,210
-10,211
-10,212
-10,213
-10,214
-10,215
-10,216
-10,217
-9,183
-9,184
-9,185
-9,186
-9,187
-9,188
-9,189
-9,190
-9,191
-9,192
-9,193
-9,194
-9,195
-9,196
-9,197
-9,198
-9,199
-9,200
-9,201
-9,202
-9,203
-9,204
-9,205
-9,206
-9,207
-9,208
-9,209
-9,210
-9,211
-9,212
-9,213
-9,214
-9,215
-9,216
-9,217
-8,182
-8,183
-8,184
-8,185
-8,186
-8,187
-8,188
-8,189
-8,190
-8,191
-8,192
-8,193
-8,194
-8,195
-8,196
-8,197
-8,198
-8,199
-8,200
-8,201
-8,202
-8,203
-8,204
-8,205
-8,206
-8,207
-8,208
-8,209
-8,210
-8,211
-8,212
-8,213
-8,214
-8,215
-8,216
-8,217
-8,218
-7,182
-7,183
-7,184
-7,185
-7,186
-7,187
-7,188
-7,189
-7,190
-7,191
-7,192
-7,193
-7,194
-7,195
-7,196
-7,197
-7,198
-7,199
-7,200
-7,201
-7,202
-7,203
-7,204
-7,205
-7,206
-7,207
-7,208
-7,209
-7,210
-7,211
-7,212
-7,213
-7,214
-7,215
-7,216
-7,217
-7,218
-6,181
-6,182
-6,183
-6,184
-6,185
-6,186
-6,187
-6,188
-6,189
-6,190
-6,191
-6,192
-6,193
-6,194
-6,195
-6,196
-6,197
-6,198
-6,199
-6,200
-6,201
-6,202
-6,203
-6,204
-6,205
-6,206
-6,207
-6,208
-6,209
-6,210
-6,211
-6,212
-6,213
-6,214
-6,215
-6,216
-6,217
-6,218
-6,219
-5,181
-5,182
-5,183
-5,184
-5,185
-5,186
-5,187
-5,188
-5,189
-5,190
-5,191
-5,192
-5,193
-5,194
-5,195
-5,196
-5,197
-5,198
-5,199
-5,200
-5,201
-5,202
-5,203
-5,204
-5,205
-5,206
-5,207
-5,208
-5,209
-5,210
-5,211
-5,212
-5,213
-5,214
-5,215
-5,216
-5,217
-5,218
-5,219
-4,181
-4,182
-4,183
-4,184
-4,185
-4,186
-4,187
-4,188
-4,189
-4,190
-4,191
-4,192
-4,193
-4,194
-4,195
-4,196
-4,197
-4,198
-4,199
-4,200
-4,201
-4,202
-4,203
-4,204
-4,205
-4,206
-4,207
-4,208
-4,209
-4,210
-4,211
-4,212
-4,213
-4,214
-4,215
-4,216
-4,217
-4,218
-4,219
-3,181
-3,182
-3,183
-3,184
-3,185
-3,186
-3,187
-3,188
-3,189
-3,190
-3,191
-3,192
-3,193
-3,194
-3,195
-3,196
-3,197
-3,198
-3,199
-3,200
-3,201
-3,202
-3,203
-3,204
-3,205
-3,206
-3,207
-3,208
-3,209
-3,210
-3,211
-3,212
-3,213
-3,214
-3,215
-3,216
-3,217
-3,218
-3,219
-2,181
-2,182
-2,183
-2,184
-2,185
-2,186
-2,187
-2,188
-2,189
-2,190
-2,191
-2,192
-2,193
-2,194
-2,195
-2,196
-2,197
-2,198
-2,199
-2,200
-2,201
-2,202
-2,203
-2,204
-2,205
-2,206
-2,207
-2,208
-2,209
-2,210
-2,211
-2,212
-2,213
-2,214
-2,215
-2,216
-2,217
-2,218
-2,219
-1,181
-1,182
-1,183
-1,184
-1,185
-1,186
-1,187
-1,188
-1,189
-1,190
-1,191
-1,192
-1,193
-1,194
-1,195
-1,196
-1,197
-1,198
-1,199
-1,200
-1,201
-1,202
-1,203
-1,204
-1,205
-1,206
-1,207
-1,208
-1,209
-1,210
-1,211
-1,212
-1,213
-1,214
-1,215
-1,216
-1,217
-1,218
-1,219
0,181
0,182
0,183
0,184
0,185
0,186
0,187
0,188
0,189
0,190
0,191
0,192
0,193
0,194
0,195
0,196
0,197
0,198
0,199
0,200
0,201
0,202
0,203
0,204
0,205
0,206
0,207
0,208
0,209
0,210
0,211
0,212
0,213
0,214
0,215
0,216
0,217
0,218
0,219
1,181
1,182
1,183
1,184
1,185
1,186
1,187
1,188
1,189
1,190
1,191
1,192
1,193
1,194
1,195
1,196
1,197
1,198
1,199
1,200
1,201
1,202
1,203
1,204
1,205
1,206
1,207
1,208
1,209
1,210
1,211
1,212
1,213
1,214
1,215
1,216
1,217
1,218
1,219
2,181
2,182
2,183
2,184
2,185
2,186
2,187
2,188
2,189
2,190
2,191
2,192
2,193
2,194
2,195
2,196
2,197
2,198
2,199
2,200
2,201
2,202
2,203
2,204
2,205
2,206
2,207
2,208
2,209
2,210
2,211
2,212
2,213
2,214
2,215
2,216
2,217
2,218
2,219
3,181
3,182
3,183
3,184
3,185
3,186
3,187
3,188
3,189
3,190
3,191
3,192
3,193
3,194
3,195
3,196
3,197
3,198
3,199
3,200
3,201
3,202
3,203
3,204
3,205
3,206
3,207
3,208
3,209
3,210
3,211
3,212
3,213
3,214
3,215
3,216
3,217
3,218
3,219
4,181
4,182
4,183
4,184
4,185
4,186
4,187
4,188
4,189
4,190
4,191
4,192
4,193
4,194
4,195
4,196
4,197
4,198
4,199
4,200
4,201
4,202
4,203
4,204
4,205
4,206
4,207
4,208
4,209
4,210
4,211
4,212
4,213
4,214
4,215
4,216
4,217
4,218
4,219
5,181
5,182
5,183
5,184
5,185
5,186
5,187
5,188
5,189
5,190
5,191
5,192
5,193
5,194
5,195
5,196
5,197
5,198
5,199
5,200
5,201
5,202
5,203
5,204
5,205
5,206
5,207
5,208
5,209
5,210
5,211
5,212
5,213
5,214
5,215
5,216
5,217
5,218
5,219
6,181
6,182
6,183
6,184
6,185
6,186
6,187
6,188
6,189
6,190
6,191
6,192
6,193
6,194
6,195
6,196
6,197
6,198
6,199
6,200
6,201
6,202
6,203
6,204
6,205
6,206
6,207
6,208
6,209
6,210
6,211
6,212
6,213
6,214
6,215
6,216
6,217
6,218
6,219
7,182
7,183
7,184
7,185
7,186
7,187
7,188
7,189
7,190
7,191
7,192
7,193
7,194
7,195
7,196
7,197
7,198
7,199
7,200
7,201
7,202
7,203
7,204
7,205
7,206
7,207
7,208
7,209
7,210
7,211
7,212
7,213
7,214
7,215
7,216
7,217
7,218
8,182
8,183
8,184
8,185
8,186
8,187
8,188
8,189
8,190
8,191
8,192
8,193
8,194
8,195
8,196
8,197
8,198
8,199
8,200
8,201
8,202
8,203
8,204
8,205
8,206
8,207
8,208
8,209
8,210
8,211
8,212
8,213
8,214
8,215
8,216
8,217
8,218
9,183
9,184
9,185
9,186
9,187
9,188
9,189
9,190
9,191
9,192
9,193
9,194
9,195
9,196
9,197
9,198
9,199
9,200
9,201
9,202
9,203
9,204
9,205
9,206
9,207
9,208
9,209
9,210
9,211
9,212
9,213
9,214
9,215
9,216
9,217
10,183
10,184
10,185
10,186
10,187
10,188
10,189
10,190
10,191
10,192
10,193
10,194
10,195
10,196
10,197
10,198
10,199
10,200
10,201
10,202
10,203
10,204
10,205
10,206
10,207
10,208
10,209
10,210
10,211
10,212
10,213
10,214
10,215
10,216
10,217
11,184
11,185
11,186
11,187
11,188
11,189
11,190
11,191
11,192
11,193
11,194
11,195
11,196
11,197
11,198
11,199
11,200
11,201
11,202
11,203
11,204
11,205
11,206
11,207
11,208
11,209
11,210
11,211
11,212
11,213
11,214
11,215
11,216
12,185
12,186
12,187
12,188
12,189
12,190
12,191
12,192
12,193
12,194
12,195
12,196
12,197
12,198
12,199
12,200
12,201
12,202
12,203
12,204
12,205
12,206
12,207
12,208
12,209
12,210
12,211
12,212
12,213
12,214
12,215
13,185
13,186
13,187
13,188
13,189
13,190
13,191
13,192
13,193
13,194
13,195
13,196
13,197
13,198
13,199
13,200
13,201
13,202
13,203
13,204
13,205
13,206
13,207
13,208
13,209
13,210
13,211
13,212
13,213
13,214
13,215
14,186
14,187
14,188
14,189
14,190
14,191
14,192
14,193
14,194
14,195
14,196
14,197
14,198
14,199
14,200
14,201
14,202
14,203
14,204
14,205
14,206
14,207
14,208
14,209
14,210
14,211
14,212
14,213
14,214
15,187
15,188
15,189
15,190
15,191
15,192
15,193
15,194
15,195
15,196
15,197
15,198
15,199
15,200
15,201
15,202
15,203
15,204
15,205
15,206
15,207
15,208
15,209
15,210
15,211
15,212
15,213
16,189
16,190
16,191
16,192
16,193
16,194
16,195
16,196
16,197
16,198
16,199
16,200
16,201
16,202
16,203
16,204
16,205
16,206
16,207
16,208
16,209
16,210
16,211
17,190
17,191
17,192
17,193
17,194
17,195
17,196
17,197
17,198
17,199
17,200
17,201
17,202
17,203
17,204
17,205
17,206
17,207
17,208
17,209
17,210
18,192
18,193
18,194
18,195
18,196
18,197
18,198
18,199
18,200
18,201
18,202
18,203
18,204
18,205
18,206
18,207
18,208
19,194
19,195
19,196
19,197
19,198
19,199
19,200
19,201
19,202
19,203
19,204
19,205
19,206
401,174
401,175
401,176
401,177
401,178
401,179
401,180
401,181
401,182
401,183
401,184
401,185
401,186
402,172
402,173
402,174
402,175
402,176
402,177
402,178
402,179
402,180
402,181
402,182
402,183
402,184
402,185
402,186
402,187
402,188
403,170
403,171
403,172
403,173
403,174
403,175
403,176
403,177
403,178
403,179
403,180
403,181
403,182
403,183
403,184
403,185
403,186
403,187
403,188
403,189
403,190
404,169
404,170
404,171
404,172
404,173
404,174
404,175
404,176
404,177
404,178
404,179
404,180
404,181
404,182
404,183
404,184
404,185
404,186
404,187
404,188
404,189
404,190
404,191
405,167
405,168
405,169
405,170
405,171
405,172
405,173
405,174
405,175
405,176
405,177
405,178
405,179
405,180
405,181
405,182
405,183
405,184
405,185
405,186
405,187
405,188
405,189
405,190
405,191
405,192
405,193
406,166
406,167
406,168
406,169
406,170
406,171
406,172
406,173
406,174
406,175
406,176
406,177
406,178
406,179
406,180
406,181
406,182
406,183
406,184
406,185
406,186
406,187
406,188
406,189
406,190
406,191
406,192
406,193
406,194
407,165
407,166
407,167
407,168
407,169
407,170
407,171
407,172
407,173
407,174
407,175
407,176
407,177
407,178
407,179
407,180
407,181
407,182
407,183
407,184
407,185
407,186
407,187
407,188
407,189
407,190
407,191
407,192
407,193
407,194
407,195
408,165
408,166
408,167
408,168
408,169
408,170
408,171
408,172
408,173
408,174
408,175
408,176
408,177
408,178
408,179
408,180
408,181
408,182
408,183
408,184
408,185
408,186
408,187
408,188
408,189
408,190
408,191
408,192
408,193
408,194
408,195
409,164
409,165
409,166
409,167
409,168
409,169
409,170
409,171
409,172
409,173
409,174
409,175
409,176
409,177
409,178
409,179
409,180
409,181
409,182
409,183
409,184
409,185
409,186
409,187
409,188
409,189
409,190
409,191
409,192
409,193
409,194
409,195
409,196
410,163
410,164
410,165
410,166
410,167
410,168
410,169
410,170
410,171
410,172
410,173
410,174
410,175
410,176
410,177
410,178
410,179
410,180
410,181
410,182
410,183
410,184
410,185
410,186
410,187
410,188
410,189
410,190
410,191
410,192
410,193
410,194
410,195
410,196
410,197
411,163
411,164
411,165
411,166
411,167
411,168
411,169
411,170
411,171
411,172
411,173
411,174
411,175
411,176
411,177
411,178
411,179
411,180
411,181
411,182
411,183
411,184
411,185
411,186
411,187
411,188
411,189
411,190
411,191
411,192
411,193
411,194
411,195
411,196
411,197
412,162
412,163
412,164
412,165
412,166
412,167
412,168
412,169
412,170
412,171
412,172
412,173
412,174
412,175
412,176
412,177
412,178
412,179
412,180
412,181
412,182
412,183
412,184
412,185
412,186
412,187
412,188
412,189
412,190
412,191
412,192
412,193
412,194
412,195
412,196
412,197
412,198
413,162
413,163
413,164
413,165
413,166
413,167
413,168
413,169
413,170
413,171
413,172
413,173
413,174
413,175
413,176
413,177
413,178
413,179
413,180
413,181
413,182
413,183
413,184
413,185
413,186
413,187
413,188
413,189
413,190
413,191
413,192
413,193
413,194
413,195
413,196
413,197
413,198
414,161
414,162
414,163
414,164
414,165
414,166
414,167
414,168
414,169
414,170
414,171
414,172
414,173
414,174
414,175
414,176
414,177
414,178
414,179
414,180
414,181
414,182
414,183
414,184
414,185
414,186
414,187
414,188
414,189
414,190
414,191
414,192
414,193
414,194
414,195
414,196
414,197
414,198
414,199
415,161
415,162
415,163
415,164
415,165
415,166
415,167
415,168
415,169
415,170
415,171
415,172
415,173
415,174
415,175
415,176
415,177
415,178
415,179
415,180
415,181
415,182
415,183
415,184
415,185
415,186
415,187
415,188
415,189
415,190
415,191
415,192
415,193
415,194
415,195
415,196
415,197
415,198
415,199
416,161
416,162
416,163
416,164
416,165
416,166
416,167
416,168
416,169
416,170
416,171
416,172
416,173
416,174
416,175
416,176
416,177
416,178
416,179
416,180
416,181
416,182
416,183
416,184
416,185
416,186
416,187
416,188
416,189
416,190
416,191
416,192
416,193
416,194
416,195
416,196
416,197
416,198
416,199
417,161
417,162
417,163
417,164
417,165
417,166
417,167
417,168
417,169
417,170
417,171
417,172
417,173
417,174
417,175
417,176
417,177
417,178
417,179
417,180
417,181
417,182
417,183
417,184
417,185
417,186
417,187
417,188
417,189
417,190
417,191
417,192
417,193
417,194
417,195
417,196
417,197
417,198
417,199
418,161
418,162
418,163
418,164
418,165
418,166
418,167
418,168
418,169
418,170
418,171
418,172
418,173
418,174
418,175
418,176
418,177
418,178
418,179
418,180
418,181
418,182
418,183
418,184
418,185
418,186
418,187
418,188
418,189
418,190
418,191
418,192
418,193
418,194
418,195
418,196
418,197
418,198
418,199
419,161
419,162
419,163
419,164
419,165
419,166
419,167
419,168
419,169
419,170
419,171
419,172
419,173
419,174
419,175
419,176
419,177
419,178
419,179
419,180
419,181
419,182
419,183
419,184
419,185
419,186
419,187
419,188
419,189
419,190
419,191
419,192
419,193
419,194
419,195
419,196
419,197
419,198
419,199
420,161
420,162
420,163
420,164
420,165
420,166
420,167
420,168
420,169
420,170
420,171
420,172
420,173
420,174
420,175
420,176
420,177
420,178
420,179
420,180
420,181
420,182
420,183
420,184
420,185
420,186
420,187
420,188
420,189
420,190
420,191
420,192
420,193
420,194
420,195
420,196
420,197
420,198
420,199
421,161
421,162
421,163
421,164
421,165
421,166
421,167
421,168
421,169
421,170
421,171
421,172
421,173
421,174
421,175
421,176
421,177
421,178
421,179
421,180
421,181
421,182
421,183
421,184
421,185
421,186
421,187
421,188
421,189
421,190
421,191
421,192
421,193
421,194
421,195
421,196
421,197
421,198
421,199
422,161
422,162
422,163
422,164
422,165
422,166
422,167
422,168
422,169
422,170
422,171
422,172
422,173
422,174
422,175
422,176
422,177
422,178
422,179
422,180
422,181
422,182
422,183
422,184
422,185
422,186
422,187
422,188
422,189
422,190
422,191
422,192
422,193
422,194
422,195
422,196
422,197
422,198
422,199
423,161
423,162
423,163
423,164
423,165
423,166
423,167
423,168
423,169
423,170
423,171
423,172
423,173
423,174
423,175
423,176
423,177
423,178
423,179
423,180
423,181
423,182
423,183
423,184
423,185
423,186
423,187
423,188
423,189
423,190
423,191
423,192
423,193
423,194
423,195
423,196
423,197
423,198
423,199
424,161
424,162
424,163
424,164
424,165
424,166
424,167
424,168
424,169
424,170
424,171
424,172
424,173
424,174
424,175
424,176
424,177
424,178
424,179
424,180
424,181
424,182
424,183
424,184
424,185
424,186
424,187
424,188
424,189
424,190
424,191
424,192
424,193
424,194
424,195
424,196
424,197
424,198
424,199
425,161
425,162
425,163
425,164
425,165
425,166
425,167
425,168
425,169
425,170
425,171
425,172
425,173
425,174
425,175
425,176
425,177
425,178
425,179
425,180
425,181
425,182
425,183
425,184
425,185
425,186
425,187
425,188
425,189
425,190
425,191
425,192
425,193
425,194
425,195
425,196
425,197
425,198
425,199
426,161
426,162
426,163
426,164
426,165
426,166
426,167
426,168
426,169
426,170
426,171
426,172
426,173
426,174
426,175
426,176
426,177
426,178
426,179
426,180
426,181
426,182
426,183
426,184
426,185
426,186
426,187
426,188
426,189
426,190
426,191
426,192
426,193
426,194
426,195
426,196
426,197
426,198
426,199
427,162
427,163
427,164
427,165
427,166
427,167
427,168
427,169
427,170
427,171
427,172
427,173
427,174
427,175
427,176
427,177
427,178
427,179
427,180
427,181
427,182
427,183
427,184
427,185
427,186
427,187
427,188
427,189
427,190
427,191
427,192
427,193
427,194
427,195
427,196
427,197
427,198
428,162
428,163
428,164
428,165
428,166
428,167
428,168
428,169
428,170
428,171
428,172
428,173
428,174
428,175
428,176
428,177
428,178
428,179
428,180
428,181
428,182
428,183
428,184
428,185
428,186
428,187
428,188
428,189
428,190
428,191
428,192
428,193
428,194
428,195
428,196
428,197
428,198
429,163
429,164
429,165
429,166
429,167
429,168
429,169
429,170
429,171
429,172
429,173
429,174
429,175
429,176
429,177
429,178
429,179
429,180
429,181
429,182
429,183
429,184
429,185
429,186
429,187
429,188
429,189
429,190
429,191
429,192
429,193
429,194
429,195
429,196
429,197
430,163
430,164
430,165
430,166
430,167
430,168
430,169
430,170
430,171
430,172
430,173
430,174
430,175
430,176
430,177
430,178
430,179
430,180
430,181
430,182
430,183
430,184
430,185
430,186
430,187
430,188
430,189
430,190
430,191
430,192
430,193
430,194
430,195
430,196
430,197
431,164
431,165
431,166
431,167
431,168
431,169
431,170
431,171
431,172
431,173
431,174
431,175
431,176
431,177
431,178
431,179
431,180
431,181
431,182
431,183
431,184
431,185
431,186
431,187
431,188
431,189
431,190
431,191
431,192
431,193
431,194
431,195
431,196
432,165
432,166
432,167
432,168
432,169
432,170
432,171
432,172
432,173
432,174
432,175
432,176
432,177
432,178
432,179
432,180
432,181
432,182
432,183
432,184
432,185
432,186
432,187
432,188
432,189
432,190
432,191
432,192
432,193
432,194
432,195
433,165
433,166
433,167
433,168
433,169
433,170
433,171
433,172
433,173
433,174
433,175
433,176
433,177
433,178
433,179
433,180
433,181
433,182
433,183
433,184
433,185
433,186
433,187
433,188
433,189
433,190
433,191
433,192
433,193
433,194
433,195
434,166
434,167
434,168
434,169
434,170
434,171
434,172
434,173
434,174
434,175
434,176
434,177
434,178
434,179
434,180
434,181
434,182
434,183
434,184
434,185
434,186
434,187
434,188
434,189
434,190
434,191
434,192
434,193
434,194
435,167
435,168
435,169
435,170
435,171
435,172
435,173
435,174
435,175
435,176
435,177
435,178
435,179
435,180
435,181
435,182
435,183
435,184
435,185
435,186
435,187
435,188
435,189
435,190
435,191
435,192
435,193
436,169
436,170
436,171
436,172
436,173
436,174
436,175
436,176
436,177
436,178
436,179
436,180
436,181
436,182
436,183
436,184
436,185
436,186
436,187
436,188
436,189
436,190
436,191
437,170
437,171
437,172
437,173
437,174
437,175
437,176
437,177
437,178
437,179
437,180
437,181
437,182
437,183
437,184
437,185
437,186
437,187
437,188
437,189
437,190
438,172
438,173
438,174
438,175
438,176
438,177
438,178
438,179
438,180
438,181
438,182
438,183
438,184
438,185
438,186
438,187
438,188
439,174
439,175
439,176
439,177
439,178
439,179
439,180
439,181
439,182
439,183
439,184
439,185
439,186
201,234
201,235
201,236
201,237
201,238
201,239
201,240
201,241
201,242
201,243
201,244
201,245
201,246
202,232
202,233
202,234
202,235
202,236
202,237
202,238
202,239
202,240
202,241
202,242
202,243
202,244
202,245
202,246
202,247
202,248
203,230
203,231
203,232
203,233
203,234
203,235
203,236
203,237
203,238
203,239
203,240
203,241
203,242
203,243
203,244
203,245
203,246
203,247
203,248
203,249
203,250
204,229
204,230
204,231
204,232
204,233
204,234
204,235
204,236
204,237
204,238
204,239
204,240
204,241
204,242
204,243
204,244
204,245
204,246
204,247
204,248
204,249
204,250
204,251
205,227
205,228
205,229
205,230
205,231
205,232
205,233
205,234
205,235
205,236
205,237
205,238
205,239
205,240
205,241
205,242
205,243
205,244
205,245
205,246
205,247
205,248
205,249
205,250
205,251
205,252
205,253
206,226
206,227
206,228
206,229
206,230
206,231
206,232
206,233
206,234
206,235
206,236
206,237
206,238
206,239
206,240
206,241
206,242
206,243
206,244
206,245
206,246
206,247
206,248
206,249
206,250
206,251
206,252
206,253
206,254
207,225
207,226
207,227
207,228
207,229
207,230
207,231
207,232
207,233
207,234
207,235
207,236
207,237
207,238
207,239
207,240
207,241
207,242
207,243
207,244
207,245
207,246
207,247
207,248
207,249
207,250
207,251
207,252
207,253
207,254
207,255
208,225
208,226
208,227
208,228
208,229
208,230
208,231
208,232
208,233
208,234
208,235
208,236
208,237
208,238
208,239
208,240
208,241
208,242
208,243
208,244
208,245
208,246
208,247
208,248
208,249
208,250
208,251
208,252
208,253
208,254
208,255
209,224
209,225
209,226
209,227
209,228
209,229
209,230
209,231
209,232
209,233
209,234
209,235
209,236
209,237
209,238
209,239
209,240
209,241
209,242
209,243
209,244
209,245
209,246
209,247
209,248
209,249
209,250
209,251
209,252
209,253
209,254
209,255
209,256
210,223
210,224
210,225
210,226
210,227
210,228
210,229
210,230
210,231
210,232
210,233
210,234
210,235
210,236
210,237
210,238
210,239
210,240
210,241
210,242
210,243
210,244
210,245
210,246
210,247
210,248
210,249
210,250
210,251
210,252
210,253
210,254
210,255
210,256
210,257
211,223
211,224
211,225
211,226
211,227
211,228
211,229
211,230
211,231
211,232
211,233
211,234
211,235
211,236
211,237
211,238
211,239
211,240
211,241
211,242
211,243
211,244
211,245
211,246
211,247
211,248
211,249
211,250
211,251
211,252
211,253
211,254
211,255
211,256
211,257
212,222
212,223
212,224
212,225
212,226
212,227
212,228
212,229
212,230
212,231
212,232
212,233
212,234
212,235
212,236
212,237
212,238
212,239
212,240
212,241
212,242
212,243
212,244
212,245
212,246
212,247
212,248
212,249
212,250
212,251
212,252
212,253
212,254
212,255
212,256
212,257
212,258
213,222
213,223
213,224
213,225
213,226
213,227
213,228
213,229
213,230
213,231
213,232
213,233
213,234
213,235
213,236
213,237
213,238
213,239
213,240
213,241
213,242
213,243
213,244
213,245
213,246
213,247
213,248
213,249
213,250
213,251
213,252
213,253
213,254
213,255
213,256
213,257
213,258
214,221
214,222
214,223
214,224
214,225
214,226
214,227
214,228
214,229
214,230
214,231
214,232
214,233
214,234
214,235
214,236
214,237
214,238
214,239
214,240
214,241
214,242
214,243
214,244
214,245
214,246
214,247
214,248
214,249
214,250
214,251
214,252
214,253
214,254
214,255
214,256
214,257
214,258
214,259
215,221
215,222
215,223
215,224
215,225
215,226
215,227
215,228
215,229
215,230
215,231
215,232
215,233
215,234
215,235
215,236
215,237
215,238
215,239
215,240
215,241
215,242
215,243
215,244
215,245
215,246
215,247
215,248
215,249
215,250
215,251
215,252
215,253
215,254
215,255
215,256
215,257
215,258
215,259
216,221
216,222
216,223
216,224
216,225
216,226
216,227
216,228
216,229
216,230
216,231
216,232
216,233
216,234
216,235
216,236
216,237
216,238
216,239
216,240
216,241
216,242
216,243
216,244
216,245
216,246
216,247
216,248
216,249
216,250
216,251
216,252
216,253
216,254
216,255
216,256
216,257
216,258
216,259
217,221
217,222
217,223
217,224
217,225
217,226
217,227
217,228
217,229
217,230
217,231
217,232
217,233
217,234
217,235
217,236
217,237
217,238
217,239
217,240
217,241
217,242
217,243
217,244
217,245
217,246
217,247
217,248
217,249
217,250
217,251
217,252
217,253
217,254
217,255
217,256
217,257
217,258
217,259
218,221
218,222
218,223
218,224
218,225
218,226
218,227
218,228
218,229
218,230
218,231
218,232
218,233
218,234
218,235
218,236
218,237
218,238
218,239
218,240
218,241
218,242
218,243
218,244
218,245
218,246
218,247
218,248
218,249
218,250
218,251
218,252
218,253
218,254
218,255
218,256
218,257
218,258
218,259
219,221
219,222
219,223
219,224
219,225
219,226
219,227
219,228
219,229
219,230
219,231
219,232
219,233
219,234
219,235
219,236
219,237
219,238
219,239
219,240
219,241
219,242
219,243
219,244
219,245
219,246
219,247
219,248
219,249
219,250
219,251
219,252
219,253
219,254
219,255
219,256
219,257
219,258
219,259
220,221
220,222
220,223
220,224
220,225
220,226
220,227
220,228
220,229
220,230
220,231
220,232
220,233
220,234
220,235
220,236
220,237
220,238
220,239
220,240
220,241
220,242
220,243
220,244
220,245
220,246
220,247
220,248
220,249
220,250
220,251
220,252
220,253
220,254
220,255
220,256
220,257
220,258
220,259
221,221
221,222
221,223
221,224
221,225
221,226
221,227
221,228
221,229
221,230
221,231
221,232
221,233
221,234
221,235
221,236
221,237
221,238
221,239
221,240
221,241
221,242
221,243
221,244
221,245
221,246
221,247
221,248
221,249
221,250
221,251
221,252
221,253
221,254
221,255
221,256
221,257
221,258
221,259
222,221
222,222
222,223
222,224
222,225
222,226
222,227
222,228
222,229
222,230
222,231
222,232
222,233
222,234
222,235
222,236
222,237
222,238
222,239
222,240
222,241
222,242
222,243
222,244
222,245
222,246
222,247
222,248
222,249
222,250
222,251
222,252
222,253
222,254
222,255
222,256
222,257
222,258
222,259
223,221
223,222
223,223
223,224
223,225
223,226
223,227
223,228
223,229
223,230
223,231
223,232
223,233
223,234
223,235
223,236
223,237
223,238
223,239
223,240
223,241
223,242
223,243
223,244
223,245
223,246
223,247
223,248
223,249
223,250
223,251
223,252
223,253
223,254
223,255
223,256
223,257
223,258
223,259
224,221
224,222
224,223
224,224
224,225
224,226
224,227
224,228
224,229
224,230
224,231
224,232
224,233
224,234
224,235
224,236
224,237
224,238
224,239
224,240
224,241
224,242
224,243
224,244
224,245
224,246
224,247
224,248
224,249
224,250
224,251
224,252
224,253
224,254
224,255
224,256
224,257
224,258
224,259
225,221
225,222
225,223
225,224
225,225
225,226
225,227
225,228
225,229
225,230
225,231
225,232
225,233
225,234
225,235
225,236
225,237
225,238
225,239
225,240
225,241
225,242
225,243
225,244
225,245
225,246
225,247
225,248
225,249
225,250
225,251
225,252
225,253
225,254
225,255
225,256
225,257
225,258
225,259
226,221
226,222
226,223
226,224
226,225
226,226
226,227
226,228
226,229
226,230
226,231
226,232
226,233
226,234
226,235
226,236
226,237
226,238
226,239
226,240
226,241
226,242
226,243
226,244
226,245
226,246
226,247
226,248
226,249
226,250
226,251
226,252
226,253
226,254
226,255
226,256
226,257
226,258
226,259
227,222
227,223
227,224
227,225
227,226
227,227
227,228
227,229
227,230
227,231
227,232
227,233
227,234
227,235
227,236
227,237
227,238
227,239
227,240
227,241
227,242
227,243
227,244
227,245
227,246
227,247
227,248
227,249
227,250
227,251
227,252
227,253
227,254
227,255
227,256
227,257
227,258
228,222
228,223
228,224
228,225
228,226
228,227
228,228
228,229
228,230
228,231
228,232
228,233
228,234
228,235
228,236
228,237
228,238
228,239
228,240
228,241
228,242
228,243
228,244
228,245
228,246
228,247
228,248
228,249
228,250
228,251
228,252
228,253
228,254
228,255
228,256
228,257
228,258
229,223
229,224
229,225
229,226
229,227
229,228
229,229
229,230
229,231
229,232
229,233
229,234
229,235
229,236
229,237
229,238
229,239
229,240
229,241
229,242
229,243
229,244
229,245
229,246
229,247
229,248
229,249
229,250
229,251
229,252
229,253
229,254
229,255
229,256
229,257
230,223
230,224
230,225
230,226
230,227
230,228
230,229
230,230
230,231
230,232
230,233
230,234
230,235
230,236
230,237
230,238
230,239
230,240
230,241
230,242
230,243
230,244
230,245
230,246
230,247
230,248
230,249
230,250
230,251
230,252
230,253
230,254
230,255
230,256
230,257
231,224
231,225
231,226
231,227
231,228
231,229
231,230
231,231
231,232
231,233
231,234
231,235
231,236
231,237
231,238
231,239
231,240
231,241
231,242
231,243
231,244
231,245
231,246
231,247
231,248
231,249
231,250
231,251
231,252
231,253
231,254
231,255
231,256
232,225
232,226
232,227
232,228
232,229
232,230
232,231
232,232
232,233
232,234
232,235
232,236
232,237
232,238
232,239
232,240
232,241
232,242
232,243
232,244
232,245
232,246
232,247
232,248
232,249
232,250
232,251
232,252
232,253
232,254
232,255
233,225
233,226
233,227
233,228
233,229
233,230
233,231
233,232
233,233
233,234
233,235
233,236
233,237
233,238
233,239
233,240
233,241
233,242
233,243
233,244
233,245
233,246
233,247
233,248
233,249
233,250
233,251
233,252
233,253
233,254
233,255
234,226
234,227
234,228
234,229
234,230
234,231
234,232
234,233
234,234
234,235
234,236
234,237
234,238
234,239
234,240
234,241
234,242
234,243
234,244
234,245
234,246
234,247
234,248
234,249
234,250
234,251
234,252
234,253
234,254
235,227
235,228
235,229
235,230
235,231
235,232
235,233
235,234
235,235
235,236
235,237
235,238
235,239
235,240
235,241
235,242
235,243
235,244
235,245
235,246
235,247
235,248
235,249
235,250
235,251
235,252
235,253
236,229
236,230
236,231
236,232
236,233
236,234
236,235
236,236
236,237
236,238
236,239
236,240
236,241
236,242
236,243
236,244
236,245
236,246
236,247
236,248
236,249
236,250
236,251
237,230
237,231
237,232
237,233
237,234
237,235
237,236
237,237
237,238
237,239
237,240
237,241
237,242
237,243
237,244
237,245
237,246
237,247
237,248
237,249
237,250
238,232
238,233
238,234
238,235
238,236
238,237
238,238
238,239
238,240
238,241
238,242
238,243
238,244
238,245
238,246
238,247
238,248
239,234
239,235
239,236
239,237
239,238
239,239
239,240
239,241
239,242
239,243
239,244
239,245
239,246
321,214
321,215
321,216
321,217
321,218
321,219
321,220
321,221
321,222
321,223
321,224
321,225
321,226
322,212
322,213
322,214
322,215
322,216
322,217
322,218
322,219
322,220
322,221
322,222
322,223
322,224
322,225
322,226
322,227
322,228
323,210
323,211
323,212
323,213
323,214
323,215
323,216
323,217
323,218
323,219
323,220
323,221
323,222
323,223
323,224
323,225
323,226
323,227
323,228
323,229
323,230
324,209
324,210
324,211
324,212
324,213
324,214
324,215
324,216
324,217
324,218
324,219
324,220
324,221
324,222
324,223
324,224
324,225
324,226
324,227
324,228
324,229
324,230
324,231
325,207
325,208
325,209
325,210
325,211
325,212
325,213
325,214
325,215
325,216
325,217
325,218
325,219
325,220
325,221
325,222
325,223
325,224
325,225
325,226
325,227
325,228
325,229
325,230
325,231
325,232
325,233
326,206
326,207
326,208
326,209
326,210
326,211
326,212
326,213
326,214
326,215
326,216
326,217
326,218
326,219
326,220
326,221
326,222
326,223
326,224
326,225
326,226
326,227
326,228
326,229
326,230
326,231
326,232
326,233
326,234
327,205
327,206
327,207
327,208
327,209
327,210
327,211
327,212
327,213
327,214
327,215
327,216
327,217
327,218
327,219
327,220
327,221
327,222
327,223
327,224
327,225
327,226
327,227
327,228
327,229
327,230
327,231
327,232
327,233
327,234
327,235
328,205
328,206
328,207
328,208
328,209
328,210
328,211
328,212
328,213
328,214
328,215
328,216
328,217
328,218
328,219
328,220
328,221
328,222
328,223
328,224
328,225
328,226
328,227
328,228
328,229
328,230
328,231
328,232
328,233
328,234
328,235
329,204
329,205
329,206
329,207
329,208
329,209
329,210
329,211
329,212
329,213
329,214
329,215
329,216
329,217
329,218
329,219
329,220
329,221
329,222
329,223
329,224
329,225
329,226
329,227
329,228
329,229
329,230
329,231
329,232
329,233
329,234
329,235
329,236
330,203
330,204
330,205
330,206
330,207
330,208
330,209
330,210
330,211
330,212
330,213
330,214
330,215
330,216
330,217
330,218
330,219
330,220
330,221
330,222
330,223
330,224
330,225
330,226
330,227
330,228
330,229
330,230
330,231
330,232
330,233
330,234
330,235
330,236
330,237
331,203
331,204
331,205
331,206
331,207
331,208
331,209
331,210
331,211
331,212
331,213
331,214
331,215
331,216
331,217
331,218
331,219
331,220
331,221
331,222
331,223
331,224
331,225
331,226
331,227
331,228
331,229
331,230
331,231
331,232
331,233
331,234
331,235
331,236
331,237
332,202
332,203
332,204
332,205
332,206
332,207
332,208
332,209
332,210
332,211
332,212
332,213
332,214
332,215
332,216
332,217
332,218
332,219
332,220
332,221
332,222
332,223
332,224
332,225
332,226
332,227
332,228
332,229
332,230
332,231
332,232
332,233
332,234
332,235
332,236
332,237
332,238
333,202
333,203
333,204
333,205
333,206
333,207
333,208
333,209
333,210
333,211
333,212
333,213
333,214
333,215
333,216
333,217
333,218
333,219
333,220
333,221
333,222
333,223
333,224
333,225
333,226
333,227
333,228
333,229
333,230
333,231
333,232
333,233
333,234
333,235
333,236
333,237
333,238
334,201
334,202
334,203
334,204
334,205
334,206
334,207
334,208
334,209
334,210
334,211
334,212
334,213
334,214
334,215
334,216
334,217
334,218
334,219
334,220
334,221
334,222
334,223
334,224
334,225
334,226
334,227
334,228
334,229
334,230
334,231
334,232
334,233
334,234
334,235
334,236
334,237
334,238
334,239
335,201
335,202
335,203
335,204
335,205
335,206
335,207
335,208
335,209
335,210
335,211
335,212
335,213
335,214
335,215
335,216
335,217
335,218
335,219
335,220
335,221
335,222
335,223
335,224
335,225
335,226
335,227
335,228
335,229
335,230
335,231
335,232
335,233
335,234
335,235
335,236
335,237
335,238
335,239
336,201
336,202
336,203
336,204
336,205
336,206
336,207
336,208
336,209
336,210
336,211
336,212
336,213
336,214
336,215
336,216
336,217
336,218
336,219
336,220
336,221
336,222
336,223
336,224
336,225
336,226
336,227
336,228
336,229
336,230
336,231
336,232
336,233
336,234
336,235
336,236
336,237
336,238
336,239
337,201
337,202
337,203
337,204
337,205
337,206
337,207
337,208
337,209
337,210
337,211
337,212
337,213
337,214
337,215
337,216
337,217
337,218
337,219
337,220
337,221
337,222
337,223
337,224
337,225
337,226
337,227
337,228
337,229
337,230
337,231
337,232
337,233
337,234
337,235
337,236
337,237
337,238
337,239
338,201
338,202
338,203
338,204
338,205
338,206
338,207
338,208
338,209
338,210
338,211
338,212
338,213
338,214
338,215
338,216
338,217
338,218
338,219
338,220
338,221
338,222
338,223
338,224
338,225
338,226
338,227
338,228
338,229
338,230
338,231
338,232
338,233
338,234
338,235
338,236
338,237
338,238
338,239
339,201
339,202
339,203
339,204
339,205
339,206
339,207
339,208
339,209
339,210
339,211
339,212
339,213
339,214
339,215
339,216
339,217
339,218
339,219
339,220
339,221
339,222
339,223
339,224
339,225
339,226
339,227
339,228
339,229
339,230
339,231
339,232
339,233
339,234
339,235
339,236
339,237
339,238
339,239
340,201
340,202
340,203
340,204
340,205
340,206
340,207
340,208
340,209
340,210
340,211
340,212
340,213
340,214
340,215
340,216
340,217
340,218
340,219
340,220
340,221
340,222
340,223
340,224
340,225
340,226
340,227
340,228
340,229
340,230
340,231
340,232
340,233
340,234
340,235
340,236
340,237
340,238
340,239
341,201
341,202
341,203
341,204
341,205
341,206
341,207
341,208
341,209
341,210
341,211
341,212
341,213
341,214
341,215
341,216
341,217
341,218
341,219
341,220
341,221
341,222
341,223
341,224
341,225
341,226
341,227
341,228
341,229
341,230
341,231
341,232
341,233
341,234
341,235
341,236
341,237
341,238
341,239
342,201
342,202
342,203
342,204
342,205
342,206
342,207
342,208
342,209
342,210
342,211
342,212
342,213
342,214
342,215
342,216
342,217
342,218
342,219
342,220
342,221
342,222
342,223
342,224
342,225
342,226
342,227
342,228
342,229
342,230
342,231
342,232
342,233
342,234
342,235
342,236
342,237
342,238
342,239
343,201
343,202
343,203
343,204
343,205
343,206
343,207
343,208
343,209
343,210
343,211
343,212
343,213
343,214
343,215
343,216
343,217
343,218
343,219
343,220
343,221
343,222
343,223
343,224
343,225
343,226
343,227
343,228
343,229
343,230
343,231
343,232
343,233
343,234
343,235
343,236
343,237
343,238
343,239
344,201
344,202
344,203
344,204
344,205
344,206
344,207
344,208
344,209
344,210
344,211
344,212
344,213
344,214
344,215
344,216
344,217
344,218
344,219
344,220
344,221
344,222
344,223
344,224
344,225
344,226
344,227
344,228
344,229
344,230
344,231
344,232
344,233
344,234
344,235
344,236
344,237
344,238
344,239
345,201
345,202
345,203
345,204
345,205
345,206
345,207
345,208
345,209
345,210
345,211
345,212
345,213
345,214
345,215
345,216
345,217
345,218
345,219
345,220
345,221
345,222
345,223
345,224
345,225
345,226
345,227
345,228
345,229
345,230
345,231
345,232
345,233
345,234
345,235
345,236
345,237
345,238
345,239
346,201
346,202
346,203
346,204
346,205
346,206
346,207
346,208
346,209
346,210
346,211
346,212
346,213
346,214
346,215
346,216
346,217
346,218
346,219
346,220
346,221
346,222
346,223
346,224
346,225
346,226
346,227
346,228
346,229
346,230
346,231
346,232
346,233
346,234
346,235
346,236
346,237
346,238
346,239
347,202
347,203
347,204
347,205
347,206
347,207
347,208
347,209
347,210
347,211
347,212
347,213
347,214
347,215
347,216
347,217
347,218
347,219
347,220
347,221
347,222
347,223
347,224
347,225
347,226
347,227
347,228
347,229
347,230
347,231
347,232
347,233
347,234
347,235
347,236
347,237
347,238
348,202
348,203
348,204
348,205
348,206
348,207
348,208
348,209
348,210
348,211
348,212
348,213
348,214
348,215
348,216
348,217
348,218
348,219
348,220
348,221
348,222
348,223
348,224
348,225
348,226
348,227
348,228
348,229
348,230
348,231
348,232
348,233
348,234
348,235
348,236
348,237
348,238
349,203
349,204
349,205
349,206
349,207
349,208
349,209
349,210
349,211
349,212
349,213
349,214
349,215
349,216
349,217
349,218
349,219
349,220
349,221
349,222
349,223
349,224
349,225
349,226
349,227
349,228
349,229
349,230
349,231
349,232
349,233
349,234
349,235
349,236
349,237
350,203
350,204
350,205
350,206
350,207
350,208
350,209
350,210
350,211
350,212
350,213
350,214
350,215
350,216
350,217
350,218
350,219
350,220
350,221
350,222
350,223
350,224
350,225
350,226
350,227
350,228
350,229
350,230
350,231
350,232
350,233
350,234
350,235
350,236
350,237
351,204
351,205
351,206
351,207
351,208
351,209
351,210
351,211
351,212
351,213
351,214
351,215
351,216
351,217
351,218
351,219
351,220
351,221
351,222
351,223
351,224
351,225
351,226
351,227
351,228
351,229
351,230
351,231
351,232
351,233
351,234
351,235
351,236
352,205
352,206
352,207
352,208
352,209
352,210
352,211
352,212
352,213
352,214
352,215
352,216
352,217
352,218
352,219
352,220
352,221
352,222
352,223
352,224
352,225
352,226
352,227
352,228
352,229
352,230
352,231
352,232
352,233
352,234
352,235
353,205
353,206
353,207
353,208
353,209
353,210
353,211
353,212
353,213
353,214
353,215
353,216
353,217
353,218
353,219
353,220
353,221
353,222
353,223
353,224
353,225
353,226
353,227
353,228
353,229
353,230
353,231
353,232
353,233
353,234
353,235
354,206
354,207
354,208
354,209
354,210
354,211
354,212
354,213
354,214
354,215
354,216
354,217
354,218
354,219
354,220
354,221
354,222
354,223
354,224
354,225
354,226
354,227
354,228
354,229
354,230
354,231
354,232
354,233
354,234
355,207
355,208
355,209
355,210
355,211
355,212
355,213
355,214
355,215
355,216
355,217
355,218
355,219
355,220
355,221
355,222
355,223
355,224
355,225
355,226
355,227
355,228
355,229
355,230
355,231
355,232
355,233
356,209
356,210
356,211
356,212
356,213
356,214
356,215
356,216
356,217
356,218
356,219
356,220
356,221
356,222
356,223
356,224
356,225
356,226
356,227
356,228
356,229
356,230
356,231
357,210
357,211
357,212
357,213
357,214
357,215
357,216
357,217
357,218
357,219
357,220
357,221
357,222
357,223
357,224
357,225
357,226
357,227
357,228
357,229
357,230
358,212
358,213
358,214
358,215
358,216
358,217
358,218
358,219
358,220
358,221
358,222
358,223
358,224
358,225
358,226
358,227
358,228
359,214
359,215
359,216
359,217
359,218
359,219
359,220
359,221
359,222
359,223
359,224
359,225
359,226
201,34
201,35
201,36
201,37
201,38
201,39
201,40
201,41
201,42
201,43
201,44
201,45
201,46
202,32
202,33
202,34
202,35
202,36
202,37
202,38
202,39
202,40
202,41
202,42
202,43
202,44
202,45
202,46
202,47
202,48
203,30
203,31
203,32
203,33
203,34
203,35
203,36
203,37
203,38
203,39
203,40
203,41
203,42
203,43
203,44
203,45
203,46
203,47
203,48
203,49
203,50
204,29
204,30
204,31
204,32
204,33
204,34
204,35
204,36
204,37
204,38
204,39
204,40
204,41
204,42
204,43
204,44
204,45
204,46
204,47
204,48
204,49
204,50
204,51
205,27
205,28
205,29
205,30
205,31
205,32
205,33
205,34
205,35
205,36
205,37
205,38
205,39
205,40
205,41
205,42
205,43
205,44
205,45
205,46
205,47
205,48
205,49
205,50
205,51
205,52
205,53
206,26
206,27
206,28
206,29
206,30
206,31
206,32
206,33
206,34
206,35
206,36
206,37
206,38
206,39
206,40
206,41
206,42
206,43
206,44
206,45
206,46
206,47
206,48
206,49
206,50
206,51
206,52
206,53
206,54
207,25
207,26
207,27
207,28
207,29
207,30
207,31
207,32
207,33
207,34
207,35
207,36
207,37
207,38
207,39
207,40
207,41
207,42
207,43
207,44
207,45
207,46
207,47
207,48
207,49
207,50
207,51
207,52
207,53
207,54
207,55
208,25
208,26
208,27
208,28
208,29
208,30
208,31
208,32
208,33
208,34
208,35
208,36
208,37
208,38
208,39
208,40
208,41
208,42
208,43
208,44
208,45
208,46
208,47
208,48
208,49
208,50
208,51
208,52
208,53
208,54
208,55
209,24
209,25
209,26
209,27
209,28
209,29
209,30
209,31
209,32
209,33
209,34
209,35
209,36
209,37
209,38
209,39
209,40
209,41
209,42
209,43
209,44
209,45
209,46
209,47
209,48
209,49
209,50
209,51
209,52
209,53
209,54
209,55
209,56
210,23
210,24
210,25
210,26
210,27
210,28
210,29
210,30
210,31
210,32
210,33
210,34
210,35
210,36
210,37
210,38
210,39
210,40
210,41
210,42
210,43
210,44
210,45
210,46
210,47
210,48
210,49
210,50
210,51
210,52
210,53
210,54
210,55
210,56
210,57
211,23
211,24
211,25
211,26
211,27
211,28
211,29
211,30
211,31
211,32
211,33
211,34
211,35
211,36
211,37
211,38
211,39
211,40
211,41
211,42
211,43
211,44
211,45
211,46
211,47
211,48
211,49
211,50
211,51
211,52
211,53
211,54
211,55
211,56
211,57
212,22
212,23
212,24
212,25
212,26
212,27
212,28
212,29
212,30
212,31
212,32
212,33
212,34
212,35
212,36
212,37
212,38
212,39
212,40
212,41
212,42
212,43
212,44
212,45
212,46
212,47
212,48
212,49
212,50
212,51
212,52
212,53
212,54
212,55
212,56
212,57
212,58
213,22
213,23
213,24
213,25
213,26
213,27
213,28
213,29
213,30
213,31
213,32
213,33
213,34
213,35
213,36
213,37
213,38
213,39
213,40
213,41
213,42
213,43
213,44
213,45
213,46
213,47
213,48
213,49
213,50
213,51
213,52
213,53
213,54
213,55
213,56
213,57
213,58
214,21
214,22
214,23
214,24
214,25
214,26
214,27
214,28
214,29
214,30
214,31
214,32
214,33
214,34
214,35
214,36
214,37
214,38
214,39
214,40
214,41
214,42
214,43
214,44
214,45
214,46
214,47
214,48
214,49
214,50
214,51
214,52
214,53
214,54
214,55
214,56
214,57
214,58
214,59
215,21
215,22
215,23
215,24
215,25
215,26
215,27
215,28
215,29
215,30
215,31
215,32
215,33
215,34
215,35
215,36
215,37
215,38
215,39
215,40
215,41
215,42
215,43
215,44
215,45
215,46
215,47
215,48
215,49
215,50
215,51
215,52
215,53
215,54
215,55
215,56
215,57
215,58
215,59
216,21
216,22
216,23
216,24
216,25
216,26
216,27
216,28
216,29
216,30
216,31
216,32
216,33
216,34
216,35
216,36
216,37
216,38
216,39
216,40
216,41
216,42
216,43
216,44
216,45
216,46
216,47
216,48
216,49
216,50
216,51
216,52
216,53
216,54
216,55
216,56
216,57
216,58
216,59
217,21
217,22
217,23
217,24
217,25
217,26
217,27
217,28
217,29
217,30
217,31
217,32
217,33
217,34
217,35
217,36
217,37
217,38
217,39
217,40
217,41
217,42
217,43
217,44
217,45
217,46
217,47
217,48
217,49
217,50
217,51
217,52
217,53
217,54
217,55
217,56
217,57
217,58
217,59
218,21
218,22
218,23
218,24
218,25
218,26
218,27
218,28
218,29
218,30
218,31
218,32
218,33
218,34
218,35
218,36
218,37
218,38
218,39
218,40
218,41
218,42
218,43
218,44
218,45
218,46
218,47
218,48
218,49
218,50
218,51
218,52
218,53
218,54
218,55
218,56
218,57
218,58
218,59
219,21
219,22
219,23
219,24
219,25
219,26
219,27
219,28
219,29
219,30
219,31
219,32
219,33
219,34
219,35
219,36
219,37
219,38
219,39
219,40
219,41
219,42
219,43
219,44
219,45
219,46
219,47
219,48
219,49
219,50
219,51
219,52
219,53
219,54
219,55
219,56
219,57
219,58
219,59
220,21
220,22
220,23
220,24
220,25
220,26
220,27
220,28
220,29
220,30
220,31
220,32
220,33
220,34
220,35
220,36
220,37
220,38
220,39
220,40
220,41
220,42
220,43
220,44
220,45
220,46
220,47
220,48
220,49
220,50
220,51
220,52
220,53
220,54
220,55
220,56
220,57
220,58
220,59
221,21
221,22
221,23
221,24
221,25
221,26
221,27
221,28
221,29
221,30
221,31
221,32
221,33
221,34
221,35
221,36
221,37
221,38
221,39
221,40
221,41
221,42
221,43
221,44
221,45
221,46
221,47
221,48
221,49
221,50
221,51
221,52
221,53
221,54
221,55
221,56
221,57
221,58
221,59
222,21
222,22
222,23
222,24
222,25
222,26
222,27
222,28
222,29
222,30
222,31
222,32
222,33
222,34
222,35
222,36
222,37
222,38
222,39
222,40
222,41
222,42
222,43
222,44
222,45
222,46
222,47
222,48
222,49
222,50
222,51
222,52
222,53
222,54
222,55
222,56
222,57
222,58
222,59
223,21
223,22
223,23
223,24
223,25
223,26
223,27
223,28
223,29
223,30
223,31
223,32
223,33
223,34
223,35
223,36
223,37
223,38
223,39
223,40
223,41
223,42
223,43
223,44
223,45
223,46
223,47
223,48
223,49
223,50
223,51
223,52
223,53
223,54
223,55
223,56
223,57
223,58
223,59
224,21
224,22
224,23
224,24
224,25
224,26
224,27
224,28
224,29
224,30
224,31
224,32
224,33
224,34
224,35
224,36
224,37
224,38
224,39
224,40
224,41
224,42
224,43
224,44
224,45
224,46
224,47
224,48
224,49
224,50
224,51
224,52
224,53
224,54
224,55
224,56
224,57
224,58
224,59
225,21
225,22
225,23
225,24
225,25
225,26
225,27
225,28
225,29
225,30
225,31
225,32
225,33
225,34
225,35
225,36
225,37
225,38
225,39
225,40
225,41
225,42
225,43
225,44
225,45
225,46
225,47
225,48
225,49
225,50
225,51
225,52
225,53
225,54
225,55
225,56
225,57
225,58
225,59
226,21
226,22
226,23
226,24
226,25
226,26
226,27
226,28
226,29
226,30
226,31
226,32
226,33
226,34
226,35
226,36
226,37
226,38
226,39
226,40
226,41
226,42
226,43
226,44
226,45
226,46
226,47
226,48
226,49
226,50
226,51
226,52
226,53
226,54
226,55
226,56
226,57
226,58
226,59
227,22
227,23
227,24
227,25
227,26
227,27
227,28
227,29
227,30
227,31
227,32
227,33
227,34
227,35
227,36
227,37
227,38
227,39
227,40
227,41
227,42
227,43
227,44
227,45
227,46
227,47
227,48
227,49
227,50
227,51
227,52
227,53
227,54
227,55
227,56
227,57
227,58
228,22
228,23
228,24
228,25
228,26
228,27
228,28
228,29
228,30
228,31
228,32
228,33
228,34
228,35
228,36
228,37
228,38
228,39
228,40
228,41
228,42
228,43
228,44
228,45
228,46
228,47
228,48
228,49
228,50
228,51
228,52
228,53
228,54
228,55
228,56
228,57
228,58
229,23
229,24
229,25
229,26
229,27
229,28
229,29
229,30
229,31
229,32
229,33
229,34
229,35
229,36
229,37
229,38
229,39
229,40
229,41
229,42
229,43
229,44
229,45
229,46
229,47
229,48
229,49
229,50
229,51
229,52
229,53
229,54
229,55
229,56
229,57
230,23
230,24
230,25
230,26
230,27
230,28
230,29
230,30
230,31
230,32
230,33
230,34
230,35
230,36
230,37
230,38
230,39
230,40
230,41
230,42
230,43
230,44
230,45
230,46
230,47
230,48
230,49
230,50
230,51
230,52
230,53
230,54
230,55
230,56
230,57
231,24
231,25
231,26
231,27
231,28
231,29
231,30
231,31
231,32
231,33
231,34
231,35
231,36
231,37
231,38
231,39
231,40
231,41
231,42
231,43
231,44
231,45
231,46
231,47
231,48
231,49
231,50
231,51
231,52
231,53
231,54
231,55
231,56
232,25
232,26
232,27
232,28
232,29
232,30
232,31
232,32
232,33
232,34
232,35
232,36
232,37
232,38
232,39
232,40
232,41
232,42
232,43
232,44
232,45
232,46
232,47
232,48
232,49
232,50
232,51
232,52
232,53
232,54
232,55
233,25
233,26
233,27
233,28
233,29
233,30
233,31
233,32
233,33
233,34
233,35
233,36
233,37
233,38
233,39
233,40
233,41
233,42
233,43
233,44
233,45
233,46
233,47
233,48
233,49
233,50
233,51
233,52
233,53
233,54
233,55
234,26
234,27
234,28
234,29
234,30
234,31
234,32
234,33
234,34
234,35
234,36
234,37
234,38
234,39
234,40
234,41
234,42
234,43
234,44
234,45
234,46
234,47
234,48
234,49
234,50
234,51
234,52
234,53
234,54
235,27
235,28
235,29
235,30
235,31
235,32
235,33
235,34
235,35
235,36
235,37
235,38
235,39
235,40
235,41
235,42
235,43
235,44
235,45
235,46
235,47
235,48
235,49
235,50
235,51
235,52
235,53
236,29
236,30
236,31
236,32
236,33
236,34
236,35
236,36
236,37
236,38
236,39
236,40
236,41
236,42
236,43
236,44
236,45
236,46
236,47
236,48
236,49
236,50
236,51
237,30
237,31
237,32
237,33
237,34
237,35
237,36
237,37
237,38
237,39
237,40
237,41
237,42
237,43
237,44
237,45
237,46
237,47
237,48
237,49
237,50
238,32
238,33
238,34
238,35
238,36
238,37
238,38
238,39
238,40
238,41
238,42
238,43
238,44
238,45
238,46
238,47
238,48
239,34
239,35
239,36
239,37
239,38
239,39
239,40
239,41
239,42
239,43
239,44
239,45
239,46
301,174
301,175
301,176
301,177
301,178
301,179
301,180
301,181
301,182
301,183
301,184
301,185
301,186
302,172
302,173
302,174
302,175
302,176
302,177
302,178
302,179
302,180
302,181
302,182
302,183
302,184
302,185
302,186
302,187
302,188
303,170
303,171
303,172
303,173
303,174
303,175
303,176
303,177
303,178
303,179
303,180
303,181
303,182
303,183
303,184
303,185
303,186
303,187
303,188
303,189
303,190
304,169
304,170
304,171
304,172
304,173
304,174
304,175
304,176
304,177
304,178
304,179
304,180
304,181
304,182
304,183
304,184
304,185
304,186
304,187
304,188
304,189
304,190
304,191
305,167
305,168
305,169
305,170
305,171
305,172
305,173
305,174
305,175
305,176
305,177
305,178
305,179
305,180
305,181
305,182
305,183
305,184
305,185
305,186
305,187
305,188
305,189
305,190
305,191
305,192
305,193
306,166
306,167
306,168
306,169
306,170
306,171
306,172
306,173
306,174
306,175
306,176
306,177
306,178
306,179
306,180
306,181
306,182
306,183
306,184
306,185
306,186
306,187
306,188
306,189
306,190
306,191
306,192
306,193
306,194
307,165
307,166
307,167
307,168
307,169
307,170
307,171
307,172
307,173
307,174
307,175
307,176
307,177
307,178
307,179
307,180
307,181
307,182
307,183
307,184
307,185
307,186
307,187
307,188
307,189
307,190
307,191
307,192
307,193
307,194
307,195
308,165
308,166
308,167
308,168
308,169
308,170
308,171
308,172
308,173
308,174
308,175
308,176
308,177
308,178
308,179
308,180
308,181
308,182
308,183
308,184
308,185
308,186
308,187
308,188
308,189
308,190
308,191
308,192
308,193
308,194
308,195
309,164
309,165
309,166
309,167
309,168
309,169
309,170
309,171
309,172
309,173
309,174
309,175
309,176
309,177
309,178
309,179
309,180
309,181
309,182
309,183
309,184
309,185
309,186
309,187
309,188
309,189
309,190
309,191
309,192
309,193
309,194
309,195
309,196
310,163
310,164
310,165
310,166
310,167
310,168
310,169
310,170
310,171
310,172
310,173
310,174
310,175
310,176
310,177
310,178
310,179
310,180
310,181
310,182
310,183
310,184
310,185
310,186
310,187
310,188
310,189
310,190
310,191
310,192
310,193
310,194
310,195
310,196
310,197
311,163
311,164
311,165
311,166
311,167
311,168
311,169
311,170
311,171
311,172
311,173
311,174
311,175
311,176
311,177
311,178
311,179
311,180
311,181
311,182
311,183
311,184
311,185
311,186
311,187
311,188
311,189
311,190
311,191
311,192
311,193
311,194
311,195
311,196
311,197
312,162
312,163
312,164
312,165
312,166
312,167
312,168
312,169
312,170
312,171
312,172
312,173
312,174
312,175
312,176
312,177
312,178
312,179
312,180
312,181
312,182
312,183
312,184
312,185
312,186
312,187
312,188
312,189
312,190
312,191
312,192
312,193
312,194
312,195
312,196
312,197
312,198
313,162
313,163
313,164
313,165
313,166
313,167
313,168
313,169
313,170
313,171
313,172
313,173
313,174
313,175
313,176
313,177
313,178
313,179
313,180
313,181
313,182
313,183
313,184
313,185
313,186
313,187
313,188
313,189
313,190
313,191
313,192
313,193
313,194
313,195
313,196
313,197
313,198
314,161
314,162
314,163
314,164
314,165
314,166
314,167
314,168
314,169
314,170
314,171
314,172
314,173
314,174
314,175
314,176
314,177
314,178
314,179
314,180
314,181
314,182
314,183
314,184
314,185
314,186
314,187
314,188
314,189
314,190
314,191
314,192
314,193
314,194
314,195
314,196
314,197
314,198
314,199
315,161
315,162
315,163
315,164
315,165
315,166
315,167
315,168
315,169
315,170
315,171
315,172
315,173
315,174
315,175
315,176
315,177
315,178
315,179
315,180
315,181
315,182
315,183
315,184
315,185
315,186
315,187
315,188
315,189
315,190
315,191
315,192
315,193
315,194
315,195
315,196
315,197
315,198
315,199
316,161
316,162
316,163
316,164
316,165
316,166
316,167
316,168
316,169
316,170
316,171
316,172
316,173
316,174
316,175
316,176
316,177
316,178
316,179
316,180
316,181
316,182
316,183
316,184
316,185
316,186
316,187
316,188
316,189
316,190
316,191
316,192
316,193
316,194
316,195
316,196
316,197
316,198
316,199
317,161
317,162
317,163
317,164
317,165
317,166
317,167
317,168
317,169
317,170
317,171
317,172
317,173
317,174
317,175
317,176
317,177
317,178
317,179
317,180
317,181
317,182
317,183
317,184
317,185
317,186
317,187
317,188
317,189
317,190
317,191
317,192
317,193
317,194
317,195
317,196
317,197
317,198
317,199
318,161
318,162
318,163
318,164
318,165
318,166
318,167
318,168
318,169
318,170
318,171
318,172
318,173
318,174
318,175
318,176
318,177
318,178
318,179
318,180
318,181
318,182
318,183
318,184
318,185
318,186
318,187
318,188
318,189
318,190
318,191
318,192
318,193
318,194
318,195
318,196
318,197
318,198
318,199
319,161
319,162
319,163
319,164
319,165
319,166
319,167
319,168
319,169
319,170
319,171
319,172
319,173
319,174
319,175
319,176
319,177
319,178
319,179
319,180
319,181
319,182
319,183
319,184
319,185
319,186
319,187
319,188
319,189
319,190
319,191
319,192
319,193
319,194
319,195
319,196
319,197
319,198
319,199
320,161
320,162
320,163
320,164
320,165
320,166
320,167
320,168
320,169
320,170
320,171
320,172
320,173
320,174
320,175
320,176
320,177
320,178
320,179
320,180
320,181
320,182
320,183
320,184
320,185
320,186
320,187
320,188
320,189
320,190
320,191
320,192
320,193
320,194
320,195
320,196
320,197
320,198
320,199
321,161
321,162
321,163
321,164
321,165
321,166
321,167
321,168
321,169
321,170
321,171
321,172
321,173
321,174
321,175
321,176
321,177
321,178
321,179
321,180
321,181
321,182
321,183
321,184
321,185
321,186
321,187
321,188
321,189
321,190
321,191
321,192
321,193
321,194
321,195
321,196
321,197
321,198
321,199
322,161
322,162
322,163
322,164
322,165
322,166
322,167
322,168
322,169
322,170
322,171
322,172
322,173
322,174
322,175
322,176
322,177
322,178
322,179
322,180
322,181
322,182
322,183
322,184
322,185
322,186
322,187
322,188
322,189
322,190
322,191
322,192
322,193
322,194
322,195
322,196
322,197
322,198
322,199
323,161
323,162
323,163
323,164
323,165
323,166
323,167
323,168
323,169
323,170
323,171
323,172
323,173
323,174
323,175
323,176
323,177
323,178
323,179
323,180
323,181
323,182
323,183
323,184
323,185
323,186
323,187
323,188
323,189
323,190
323,191
323,192
323,193
323,194
323,195
323,196
323,197
323,198
323,199
324,161
324,162
324,163
324,164
324,165
324,166
324,167
324,168
324,169
324,170
324,171
324,172
324,173
324,174
324,175
324,176
324,177
324,178
324,179
324,180
324,181
324,182
324,183
324,184
324,185
324,186
324,187
324,188
324,189
324,190
324,191
324,192
324,193
324,194
324,195
324,196
324,197
324,198
324,199
325,161
325,162
325,163
325,164
325,165
325,166
325,167
325,168
325,169
325,170
325,171
325,172
325,173
325,174
325,175
325,176
325,177
325,178
325,179
325,180
325,181
325,182
325,183
325,184
325,185
325,186
325,187
325,188
325,189
325,190
325,191
325,192
325,193
325,194
325,195
325,196
325,197
325,198
325,199
326,161
326,162
326,163
326,164
326,165
326,166
326,167
326,168
326,169
326,170
326,171
326,172
326,173
326,174
326,175
326,176
326,177
326,178
326,179
326,180
326,181
326,182
326,183
326,184
326,185
326,186
326,187
326,188
326,189
326,190
326,191
326,192
326,193
326,194
326,195
326,196
326,197
326,198
326,199
327,162
327,163
327,164
327,165
327,166
327,167
327,168
327,169
327,170
327,171
327,172
327,173
327,174
327,175
327,176
327,177
327,178
327,179
327,180
327,181
327,182
327,183
327,184
327,185
327,186
327,187
327,188
327,189
327,190
327,191
327,192
327,193
327,194
327,195
327,196
327,197
327,198
328,162
328,163
328,164
328,165
328,166
328,167
328,168
328,169
328,170
328,171
328,172
328,173
328,174
328,175
328,176
328,177
328,178
328,179
328,180
328,181
328,182
328,183
328,184
328,185
328,186
328,187
328,188
328,189
328,190
328,191
328,192
328,193
328,194
328,195
328,196
328,197
328,198
329,163
329,164
329,165
329,166
329,167
329,168
329,169
329,170
329,171
329,172
329,173
329,174
329,175
329,176
329,177
329,178
329,179
329,180
329,181
329,182
329,183
329,184
329,185
329,186
329,187
329,188
329,189
329,190
329,191
329,192
329,193
329,194
329,195
329,196
329,197
330,163
330,164
330,165
330,166
330,167
330,168
330,169
330,170
330,171
330,172
330,173
330,174
330,175
330,176
330,177
330,178
330,179
330,180
330,181
330,182
330,183
330,184
330,185
330,186
330,187
330,188
330,189
330,190
330,191
330,192
330,193
330,194
330,195
330,196
330,197
331,164
331,165
331,166
331,167
331,168
331,169
331,170
331,171
331,172
331,173
331,174
331,175
331,176
331,177
331,178
331,179
331,180
331,181
331,182
331,183
331,184
331,185
331,186
331,187
331,188
331,189
331,190
331,191
331,192
331,193
331,194
331,195
331,196
332,165
332,166
332,167
332,168
332,169
332,170
332,171
332,172
332,173
332,174
332,175
332,176
332,177
332,178
332,179
332,180
332,181
332,182
332,183
332,184
332,185
332,186
332,187
332,188
332,189
332,190
332,191
332,192
332,193
332,194
332,195
333,165
333,166
333,167
333,168
333,169
333,170
333,171
333,172
333,173
333,174
333,175
333,176
333,177
333,178
333,179
333,180
333,181
333,182
333,183
333,184
333,185
333,186
333,187
333,188
333,189
333,190
333,191
333,192
333,193
333,194
333,195
334,166
334,167
334,168
334,169
334,170
334,171
334,172
334,173
334,174
334,175
334,176
334,177
334,178
334,179
334,180
334,181
334,182
334,183
334,184
334,185
334,186
334,187
334,188
334,189
334,190
334,191
334,192
334,193
334,194
335,167
335,168
335,169
335,170
335,171
335,172
335,173
335,174
335,175
335,176
335,177
335,178
335,179
335,180
335,181
335,182
335,183
335,184
335,185
335,186
335,187
335,188
335,189
335,190
335,191
335,192
335,193
336,169
336,170
336,171
336,172
336,173
336,174
336,175
336,176
336,177
336,178
336,179
336,180
336,181
336,182
336,183
336,184
336,185
336,186
336,187
336,188
336,189
336,190
336,191
337,170
337,171
337,172
337,173
337,174
337,175
337,176
337,177
337,178
337,179
337,180
337,181
337,182
337,183
337,184
337,185
337,186
337,187
337,188
337,189
337,190
338,172
338,173
338,174
338,175
338,176
338,177
338,178
338,179
338,180
338,181
338,182
338,183
338,184
338,185
338,186
338,187
338,188
339,174
339,175
339,176
339,177
339,178
339,179
339,180
339,181
339,182
339,183
339,184
339,185
339,186
261,94
261,95
261,96
261,97
261,98
261,99
261,100
261,101
261,102
261,103
261,104
261,105
261,106
262,92
262,93
262,94
262,95
262,96
262,97
262,98
262,99
262,100
262,101
262,102
262,103
262,104
262,105
262,106
262,107
262,108
263,90
263,91
263,92
263,93
263,94
263,95
263,96
263,97
263,98
263,99
263,100
263,101
263,102
263,103
263,104
263,105
263,106
263,107
263,108
263,109
263,110
264,89
264,90
264,91
264,92
264,93
264,94
264,95
264,96
264,97
264,98
264,99
264,100
264,101
264,102
264,103
264,104
264,105
264,106
264,107
264,108
264,109
264,110
264,111
265,87
265,88
265,89
265,90
265,91
265,92
265,93
265,94
265,95
265,96
265,97
265,98
265,99
265,100
265,101
265,102
265,103
265,104
265,105
265,106
265,107
265,108
265,109
265,110
265,111
265,112
265,113
266,86
266,87
266,88
266,89
266,90
266,91
266,92
266,93
266,94
266,95
266,96
266,97
266,98
266,99
266,100
266,101
266,102
266,103
266,104
266,105
266,106
266,107
266,108
266,109
266,110
266,111
266,112
266,113
266,114
267,85
267,86
267,87
267,88
267,89
267,90
267,91
267,92
267,93
267,94
267,95
267,96
267,97
267,98
267,99
267,100
267,101
267,102
267,103
267,104
267,105
267,106
267,107
267,108
267,109
267,110
267,111
267,112
267,113
267,114
267,115
268,85
268,86
268,87
268,88
268,89
268,90
268,91
268,92
268,93
268,94
268,95
268,96
268,97
268,98
268,99
268,100
268,101
268,102
268,103
268,104
268,105
268,106
268,107
268,108
268,109
268,110
268,111
268,112
268,113
268,114
268,115
269,84
269,85
269,86
269,87
269,88
269,89
269,90
269,91
269,92
269,93
269,94
269,95
269,96
269,97
269,98
269,99
269,100
269,101
269,102
269,103
269,104
269,105
269,106
269,107
269,108
269,109
269,110
269,111
269,112
269,113
269,114
269,115
269,116
270,83
270,84
270,85
270,86
270,87
270,88
270,89
270,90
270,91
270,92
270,93
270,94
270,95
270,96
270,97
270,98
270,99
270,100
270,101
270,102
270,103
270,104
270,105
270,106
270,107
270,108
270,109
270,110
270,111
270,112
270,113
270,114
270,115
270,116
270,117
271,83
271,84
271,85
271,86
271,87
271,88
271,89
271,90
271,91
271,92
271,93
271,94
271,95
271,96
271,97
271,98
271,99
271,100
271,101
271,102
271,103
271,104
271,105
271,106
271,107
271,108
271,109
271,110
271,111
271,112
271,113
271,114
271,115
271,116
271,117
272,82
272,83
272,84
272,85
272,86
272,87
272,88
272,89
272,90
272,91
272,92
272,93
272,94
272,95
272,96
272,97
272,98
272,99
272,100
272,101
272,102
272,103
272,104
272,105
272,106
272,107
272,108
272,109
272,110
272,111
272,112
272,113
272,114
272,115
272,116
272,117
272,118
273,82
273,83
273,84
273,85
273,86
273,87
273,88
273,89
273,90
273,91
273,92
273,93
273,94
273,95
273,96
273,97
273,98
273,99
273,100
273,101
273,102
273,103
273,104
273,105
273,106
273,107
273,108
273,109
273,110
273,111
273,112
273,113
273,114
273,115
273,116
273,117
273,118
274,81
274,82
274,83
274,84
274,85
274,86
274,87
274,88
274,89
274,90
274,91
274,92
274,93
274,94
274,95
274,96
274,97
274,98
274,99
274,100
274,101
274,102
274,103
274,104
274,105
274,106
274,107
274,108
274,109
274,110
274,111
274,112
274,113
274,114
274,115
274,116
274,117
274,118
274,119
275,81
275,82
275,83
275,84
275,85
275,86
275,87
275,88
275,89
275,90
275,91
275,92
275,93
275,94
275,95
275,96
275,97
275,98
275,99
275,100
275,101
275,102
275,103
275,104
275,105
275,106
275,107
275,108
275,109
275,110
275,111
275,112
275,113
275,114
275,115
275,116
275,117
275,118
275,119
276,81
276,82
276,83
276,84
276,85
276,86
276,87
276,88
276,89
276,90
276,91
276,92
276,93
276,94
276,95
276,96
276,97
276,98
276,99
276,100
276,101
276,102
276,103
276,104
276,105
276,106
276,107
276,108
276,109
276,110
276,111
276,112
276,113
276,114
276,115
276,116
276,117
276,118
276,119
277,81
277,82
277,83
277,84
277,85
277,86
277,87
277,88
277,89
277,90
277,91
277,92
277,93
277,94
277,95
277,96
277,97
277,98
277,99
277,100
277,101
277,102
277,103
277,104
277,105
277,106
277,107
277,108
277,109
277,110
277,111
277,112
277,113
277,114
277,115
277,116
277,117
277,118
277,119
278,81
278,82
278,83
278,84
278,85
278,86
278,87
278,88
278,89
278,90
278,91
278,92
278,93
278,94
278,95
278,96
278,97
278,98
278,99
278,100
278,101
278,102
278,103
278,104
278,105
278,106
278,107
278,108
278,109
278,110
278,111
278,112
278,113
278,114
278,115
278,116
278,117
278,118
278,119
279,81
279,82
279,83
279,84
279,85
279,86
279,87
279,88
279,89
279,90
279,91
279,92
279,93
279,94
279,95
279,96
279,97
279,98
279,99
279,100
279,101
279,102
279,103
279,104
279,105
279,106
279,107
279,108
279,109
279,110
279,111
279,112
279,113
279,114
279,115
279,116
279,117
279,118
279,119
280,81
280,82
280,83
280,84
280,85
280,86
280,87
280,88
280,89
280,90
280,91
280,92
280,93
280,94
280,95
280,96
280,97
280,98
280,99
280,100
280,101
280,102
280,103
280,104
280,105
280,106
280,107
280,108
280,109
280,110
280,111
280,112
280,113
280,114
280,115
280,116
280,117
280,118
280,119
281,81
281,82
281,83
281,84
281,85
281,86
281,87
281,88
281,89
281,90
281,91
281,92
281,93
281,94
281,95
281,96
281,97
281,98
281,99
281,100
281,101
281,102
281,103
281,104
281,105
281,106
281,107
281,108
281,109
281,110
281,111
281,112
281,113
281,114
281,115
281,116
281,117
281,118
281,119
282,81
282,82
282,83
282,84
282,85
282,86
282,87
282,88
282,89
282,90
282,91
282,92
282,93
282,94
282,95
282,96
282,97
282,98
282,99
282,100
282,101
282,102
282,103
282,104
282,105
282,106
282,107
282,108
282,109
282,110
282,111
282,112
282,113
282,114
282,115
282,116
282,117
282,118
282,119
283,81
283,82
283,83
283,84
283,85
283,86
283,87
283,88
283,89
283,90
283,91
283,92
283,93
283,94
283,95
283,96
283,97
283,98
283,99
283,100
283,101
283,102
283,103
283,104
283,105
283,106
283,107
283,108
283,109
283,110
283,111
283,112
283,113
283,114
283,115
283,116
283,117
283,118
283,119
284,81
284,82
284,83
284,84
284,85
284,86
284,87
284,88
284,89
284,90
284,91
284,92
284,93
284,94
284,95
284,96
284,97
284,98
284,99
284,100
284,101
284,102
284,103
284,104
284,105
284,106
284,107
284,108
284,109
284,110
284,111
284,112
284,113
284,114
284,115
284,116
284,117
284,118
284,119
285,81
285,82
285,83
285,84
285,85
285,86
285,87
285,88
285,89
285,90
285,91
285,92
285,93
285,94
285,95
285,96
285,97
285,98
285,99
285,100
285,101
285,102
285,103
285,104
285,105
285,106
285,107
285,108
285,109
285,110
285,111
285,112
285,113
285,114
285,115
285,116
285,117
285,118
285,119
286,81
286,82
286,83
286,84
286,85
286,86
286,87
286,88
286,89
286,90
286,91
286,92
286,93
286,94
286,95
286,96
286,97
286,98
286,99
286,100
286,101
286,102
286,103
286,104
286,105
286,106
286,107
286,108
286,109
286,110
286,111
286,112
286,113
286,114
286,115
286,116
286,117
286,118
286,119
287,82
287,83
287,84
287,85
287,86
287,87
287,88
287,89
287,90
287,91
287,92
287,93
287,94
287,95
287,96
287,97
287,98
287,99
287,100
287,101
287,102
287,103
287,104
287,105
287,106
287,107
287,108
287,109
287,110
287,111
287,112
287,113
287,114
287,115
287,116
287,117
287,118
288,82
288,83
288,84
288,85
288,86
288,87
288,88
288,89
288,90
288,91
288,92
288,93
288,94
288,95
288,96
288,97
288,98
288,99
288,100
288,101
288,102
288,103
288,104
288,105
288,106
288,107
288,108
288,109
288,110
288,111
288,112
288,113
288,114
288,115
288,116
288,117
288,118
289,83
289,84
289,85
289,86
289,87
289,88
289,89
289,90
289,91
289,92
289,93
289,94
289,95
289,96
289,97
289,98
289,99
289,100
289,101
289,102
289,103
289,104
289,105
289,106
289,107
289,108
289,109
289,110
289,111
289,112
289,113
289,114
289,115
289,116
289,117
290,83
290,84
290,85
290,86
290,87
290,88
290,89
290,90
290,91
290,92
290,93
290,94
290,95
290,96
290,97
290,98
290,99
290,100
290,101
290,102
290,103
290,104
290,105
290,106
290,107
290,108
290,109
290,110
290,111
290,112
290,113
290,114
290,115
290,116
290,117
291,84
291,85
291,86
291,87
291,88
291,89
291,90
291,91
291,92
291,93
291,94
291,95
291,96
291,97
291,98
291,99
291,100
291,101
291,102
291,103
291,104
291,105
291,106
291,107
291,108
291,109
291,110
291,111
291,112
291,113
291,114
291,115
291,116
292,85
292,86
292,87
292,88
292,89
292,90
292,91
292,92
292,93
292,94
292,95
292,96
292,97
292,98
292,99
292,100
292,101
292,102
292,103
292,104
292,105
292,106
292,107
292,108
292,109
292,110
292,111
292,112
292,113
292,114
292,115
293,85
293,86
293,87
293,88
293,89
293,90
293,91
293,92
293,93
293,94
293,95
293,96
293,97
293,98
293,99
293,100
293,101
293,102
293,103
293,104
293,105
293,106
293,107
293,108
293,109
293,110
293,111
293,112
293,113
293,114
293,115
294,86
294,87
294,88
294,89
294,90
294,91
294,92
294,93
294,94
294,95
294,96
294,97
294,98
294,99
294,100
294,101
294,102
294,103
294,104
294,105
294,106
294,107
294,108
294,109
294,110
294,111
294,112
294,113
294,114
295,87
295,88
295,89
295,90
295,91
295,92
295,93
295,94
295,95
295,96
295,97
295,98
295,99
295,100
295,101
295,102
295,103
295,104
295,105
295,106
295,107
295,108
295,109
295,110
295,111
295,112
295,113
296,89
296,90
296,91
296,92
296,93
296,94
296,95
296,96
296,97
296,98
296,99
296,100
296,101
296,102
296,103
296,104
296,105
296,106
296,107
296,108
296,109
296,110
296,111
297,90
297,91
297,92
297,93
297,94
297,95
297,96
297,97
297,98
297,99
297,100
297,101
297,102
297,103
297,104
297,105
297,106
297,107
297,108
297,109
297,110
298,92
298,93
298,94
298,95
298,96
298,97
298,98
298,99
298,100
298,101
298,102
298,103
298,104
298,105
298,106
298,107
298,108
299,94
299,95
299,96
299,97
299,98
299,99
299,100
299,101
299,102
299,103
299,104
299,105
299,106
281,34
281,35
281,36
281,37
281,38
281,39
281,40
281,41
281,42
281,43
281,44
281,45
281,46
282,32
282,33
282,34
282,35
282,36
282,37
282,38
282,39
282,40
282,41
282,42
282,43
282,44
282,45
282,46
282,47
282,48
283,30
283,31
283,32
283,33
283,34
283,35
283,36
283,37
283,38
283,39
283,40
283,41
283,42
283,43
283,44
283,45
283,46
283,47
283,48
283,49
283,50
284,29
284,30
284,31
284,32
284,33
284,34
284,35
284,36
284,37
284,38
284,39
284,40
284,41
284,42
284,43
284,44
284,45
284,46
284,47
284,48
284,49
284,50
284,51
285,27
285,28
285,29
285,30
285,31
285,32
285,33
285,34
285,35
285,36
285,37
285,38
285,39
285,40
285,41
285,42
285,43
285,44
285,45
285,46
285,47
285,48
285,49
285,50
285,51
285,52
285,53
286,26
286,27
286,28
286,29
286,30
286,31
286,32
286,33
286,34
286,35
286,36
286,37
286,38
286,39
286,40
286,41
286,42
286,43
286,44
286,45
286,46
286,47
286,48
286,49
286,50
286,51
286,52
286,53
286,54
287,25
287,26
287,27
287,28
287,29
287,30
287,31
287,32
287,33
287,34
287,35
287,36
287,37
287,38
287,39
287,40
287,41
287,42
287,43
287,44
287,45
287,46
287,47
287,48
287,49
287,50
287,51
287,52
287,53
287,54
287,55
288,25
288,26
288,27
288,28
288,29
288,30
288,31
288,32
288,33
288,34
288,35
288,36
288,37
288,38
288,39
288,40
288,41
288,42
288,43
288,44
288,45
288,46
288,47
288,48
288,49
288,50
288,51
288,52
288,53
288,54
288,55
289,24
289,25
289,26
289,27
289,28
289,29
289,30
289,31
289,32
289,33
289,34
289,35
289,36
289,37
289,38
289,39
289,40
289,41
289,42
289,43
289,44
289,45
289,46
289,47
289,48
289,49
289,50
289,51
289,52
289,53
289,54
289,55
289,56
290,23
290,24
290,25
290,26
290,27
290,28
290,29
290,30
290,31
290,32
290,33
290,34
290,35
290,36
290,37
290,38
290,39
290,40
290,41
290,42
290,43
290,44
290,45
290,46
290,47
290,48
290,49
290,50
290,51
290,52
290,53
290,54
290,55
290,56
290,57
291,23
291,24
291,25
291,26
291,27
291,28
291,29
291,30
291,31
291,32
291,33
291,34
291,35
291,36
291,37
291,38
291,39
291,40
291,41
291,42
291,43
291,44
291,45
291,46
291,47
291,48
291,49
291,50
291,51
291,52
291,53
291,54
291,55
291,56
291,57
292,22
292,23
292,24
292,25
292,26
292,27
292,28
292,29
292,30
292,31
292,32
292,33
292,34
292,35
292,36
292,37
292,38
292,39
292,40
292,41
292,42
292,43
292,44
292,45
292,46
292,47
292,48
292,49
292,50
292,51
292,52
292,53
292,54
292,55
292,56
292,57
292,58
293,22
293,23
293,24
293,25
293,26
293,27
293,28
293,29
293,30
293,31
293,32
293,33
293,34
293,35
293,36
293,37
293,38
293,39
293,40
293,41
293,42
293,43
293,44
293,45
293,46
293,47
293,48
293,49
293,50
293,51
293,52
293,53
293,54
293,55
293,56
293,57
293,58
294,21
294,22
294,23
294,24
294,25
294,26
294,27
294,28
294,29
294,30
294,31
294,32
294,33
294,34
294,35
294,36
294,37
294,38
294,39
294,40
294,41
294,42
294,43
294,44
294,45
294,46
294,47
294,48
294,49
294,50
294,51
294,52
294,53
294,54
294,55
294,56
294,57
294,58
294,59
295,21
295,22
295,23
295,24
295,25
295,26
295,27
295,28
295,29
295,30
295,31
295,32
295,33
295,34
295,35
295,36
295,37
295,38
295,39
295,40
295,41
295,42
295,43
295,44
295,45
295,46
295,47
295,48
295,49
295,50
295,51
295,52
295,53
295,54
295,55
295,56
295,57
295,58
295,59
296,21
296,22
296,23
296,24
296,25
296,26
296,27
296,28
296,29
296,30
296,31
296,32
296,33
296,34
296,35
296,36
296,37
296,38
296,39
296,40
296,41
296,42
296,43
296,44
296,45
296,46
296,47
296,48
296,49
296,50
296,51
296,52
296,53
296,54
296,55
296,56
296,57
296,58
296,59
297,21
297,22
297,23
297,24
297,25
297,26
297,27
297,28
297,29
297,30
297,31
297,32
297,33
297,34
297,35
297,36
297,37
297,38
297,39
297,40
297,41
297,42
297,43
297,44
297,45
297,46
297,47
297,48
297,49
297,50
297,51
297,52
297,53
297,54
297,55
297,56
297,57
297,58
297,59
298,21
298,22
298,23
298,24
298,25
298,26
298,27
298,28
298,29
298,30
298,31
298,32
298,33
298,34
298,35
298,36
298,37
298,38
298,39
298,40
298,41
298,42
298,43
298,44
298,45
298,46
298,47
298,48
298,49
298,50
298,51
298,52
298,53
298,54
298,55
298,56
298,57
298,58
298,59
299,21
299,22
299,23
299,24
299,25
299,26
299,27
299,28
299,29
299,30
299,31
299,32
299,33
299,34
299,35
299,36
299,37
299,38
299,39
299,40
299,41
299,42
299,43
299,44
299,45
299,46
299,47
299,48
299,49
299,50
299,51
299,52
299,53
299,54
299,55
299,56
299,57
299,58
299,59
300,21
300,22
300,23
300,24
300,25
300,26
300,27
300,28
300,29
300,30
300,31
300,32
300,33
300,34
300,35
300,36
300,37
300,38
300,39
300,40
300,41
300,42
300,43
300,44
300,45
300,46
300,47
300,48
300,49
300,50
300,51
300,52
300,53
300,54
300,55
300,56
300,57
300,58
300,59
301,21
301,22
301,23
301,24
301,25
301,26
301,27
301,28
301,29
301,30
301,31
301,32
301,33
301,34
301,35
301,36
301,37
301,38
301,39
301,40
301,41
301,42
301,43
301,44
301,45
301,46
301,47
301,48
301,49
301,50
301,51
301,52
301,53
301,54
301,55
301,56
301,57
301,58
301,59
302,21
302,22
302,23
302,24
302,25
302,26
302,27
302,28
302,29
302,30
302,31
302,32
302,33
302,34
302,35
302,36
302,37
302,38
302,39
302,40
302,41
302,42
302,43
302,44
302,45
302,46
302,47
302,48
302,49
302,50
302,51
302,52
302,53
302,54
302,55
302,56
302,57
302,58
302,59
303,21
303,22
303,23
303,24
303,25
303,26
303,27
303,28
303,29
303,30
303,31
303,32
303,33
303,34
303,35
303,36
303,37
303,38
303,39
303,40
303,41
303,42
303,43
303,44
303,45
303,46
303,47
303,48
303,49
303,50
303,51
303,52
303,53
303,54
303,55
303,56
303,57
303,58
303,59
304,21
304,22
304,23
304,24
304,25
304,26
304,27
304,28
304,29
304,30
304,31
304,32
304,33
304,34
304,35
304,36
304,37
304,38
304,39
304,40
304,41
304,42
304,43
304,44
304,45
304,46
304,47
304,48
304,49
304,50
304,51
304,52
304,53
304,54
304,55
304,56
304,57
304,58
304,59
305,21
305,22
305,23
305,24
305,25
305,26
305,27
305,28
305,29
305,30
305,31
305,32
305,33
305,34
305,35
305,36
305,37
305,38
305,39
305,40
305,41
305,42
305,43
305,44
305,45
305,46
305,47
305,48
305,49
305,50
305,51
305,52
305,53
305,54
305,55
305,56
305,57
305,58
305,59
306,21
306,22
306,23
306,24
306,25
306,26
306,27
306,28
306,29
306,30
306,31
306,32
306,33
306,34
306,35
306,36
306,37
306,38
306,39
306,40
306,41
306,42
306,43
306,44
306,45
306,46
306,47
306,48
306,49
306,50
306,51
306,52
306,53
306,54
306,55
306,56
306,57
306,58
306,59
307,22
307,23
307,24
307,25
307,26
307,27
307,28
307,29
307,30
307,31
307,32
307,33
307,34
307,35
307,36
307,37
307,38
307,39
307,40
307,41
307,42
307,43
307,44
307,45
307,46
307,47
307,48
307,49
307,50
307,51
307,52
307,53
307,54
307,55
307,56
307,57
307,58
308,22
308,23
308,24
308,25
308,26
308,27
308,28
308,29
308,30
308,31
308,32
308,33
308,34
308,35
308,36
308,37
308,38
308,39
308,40
308,41
308,42
308,43
308,44
308,45
308,46
308,47
308,48
308,49
308,50
308,51
308,52
308,53
308,54
308,55
308,56
308,57
308,58
309,23
309,24
309,25
309,26
309,27
309,28
309,29
309,30
309,31
309,32
309,33
309,34
309,35
309,36
309,37
309,38
309,39
309,40
309,41
309,42
309,43
309,44
309,45
309,46
309,47
309,48
309,49
309,50
309,51
309,52
309,53
309,54
309,55
309,56
309,57
310,23
310,24
310,25
310,26
310,27
310,28
310,29
310,30
310,31
310,32
310,33
310,34
310,35
310,36
310,37
310,38
310,39
310,40
310,41
310,42
310,43
310,44
310,45
310,46
310,47
310,48
310,49
310,50
310,51
310,52
310,53
310,54
310,55
310,56
310,57
311,24
311,25
311,26
311,27
311,28
311,29
311,30
311,31
311,32
311,33
311,34
311,35
311,36
311,37
311,38
311,39
311,40
311,41
311,42
311,43
311,44
311,45
311,46
311,47
311,48
311,49
311,50
311,51
311,52
311,53
311,54
311,55
311,56
312,25
312,26
312,27
312,28
312,29
312,30
312,31
312,32
312,33
312,34
312,35
312,36
312,37
312,38
312,39
312,40
312,41
312,42
312,43
312,44
312,45
312,46
312,47
312,48
312,49
312,50
312,51
312,52
312,53
312,54
312,55
313,25
313,26
313,27
313,28
313,29
313,30
313,31
313,32
313,33
313,34
313,35
313,36
313,37
313,38
313,39
313,40
313,41
313,42
313,43
313,44
313,45
313,46
313,47
313,48
313,49
313,50
313,51
313,52
313,53
313,54
313,55
314,26
314,27
314,28
314,29
314,30
314,31
314,32
314,33
314,34
314,35
314,36
314,37
314,38
314,39
314,40
314,41
314,42
314,43
314,44
314,45
314,46
314,47
314,48
314,49
314,50
314,51
314,52
314,53
314,54
315,27
315,28
315,29
315,30
315,31
315,32
315,33
315,34
315,35
315,36
315,37
315,38
315,39
315,40
315,41
315,42
315,43
315,44
315,45
315,46
315,47
315,48
315,49
315,50
315,51
315,52
315,53
316,29
316,30
316,31
316,32
316,33
316,34
316,35
316,36
316,37
316,38
316,39
316,40
316,41
316,42
316,43
316,44
316,45
316,46
316,47
316,48
316,49
316,50
316,51
317,30
317,31
317,32
317,33
317,34
317,35
317,36
317,37
317,38
317,39
317,40
317,41
317,42
317,43
317,44
317,45
317,46
317,47
317,48
317,49
317,50
318,32
318,33
318,34
318,35
318,36
318,37
318,38
318,39
318,40
318,41
318,42
318,43
318,44
318,45
318,46
318,47
318,48
319,34
319,35
319,36
319,37
319,38
319,39
319,40
319,41
319,42
319,43
319,44
319,45
319,46
281,214
281,215
281,216
281,217
281,218
281,219
281,220
281,221
281,222
281,223
281,224
281,225
281,226
282,212
282,213
282,214
282,215
282,216
282,217
282,218
282,219
282,220
282,221
282,222
282,223
282,224
282,225
282,226
282,227
282,228
283,210
283,211
283,212
283,213
283,214
283,215
283,216
283,217
283,218
283,219
283,220
283,221
283,222
283,223
283,224
283,225
283,226
283,227
283,228
283,229
283,230
284,209
284,210
284,211
284,212
284,213
284,214
284,215
284,216
284,217
284,218
284,219
284,220
284,221
284,222
284,223
284,224
284,225
284,226
284,227
284,228
284,229
284,230
284,231
285,207
285,208
285,209
285,210
285,211
285,212
285,213
285,214
285,215
285,216
285,217
285,218
285,219
285,220
285,221
285,222
285,223
285,224
285,225
285,226
285,227
285,228
285,229
285,230
285,231
285,232
285,233
286,206
286,207
286,208
286,209
286,210
286,211
286,212
286,213
286,214
286,215
286,216
286,217
286,218
286,219
286,220
286,221
286,222
286,223
286,224
286,225
286,226
286,227
286,228
286,229
286,230
286,231
286,232
286,233
286,234
287,205
287,206
287,207
287,208
287,209
287,210
287,211
287,212
287,213
287,214
287,215
287,216
287,217
287,218
287,219
287,220
287,221
287,222
287,223
287,224
287,225
287,226
287,227
287,228
287,229
287,230
287,231
287,232
287,233
287,234
287,235
288,205
288,206
288,207
288,208
288,209
288,210
288,211
288,212
288,213
288,214
288,215
288,216
288,217
288,218
288,219
288,220
288,221
288,222
288,223
288,224
288,225
288,226
288,227
288,228
288,229
288,230
288,231
288,232
288,233
288,234
288,235
289,204
289,205
289,206
289,207
289,208
289,209
289,210
289,211
289,212
289,213
289,214
289,215
289,216
289,217
289,218
289,219
289,220
289,221
289,222
289,223
289,224
289,225
289,226
289,227
289,228
289,229
289,230
289,231
289,232
289,233
289,234
289,235
289,236
290,203
290,204
290,205
290,206
290,207
290,208
290,209
290,210
290,211
290,212
290,213
290,214
290,215
290,216
290,217
290,218
290,219
290,220
290,221
290,222
290,223
290,224
290,225
290,226
290,227
290,228
290,229
290,230
290,231
290,232
290,233
290,234
290,235
290,236
290,237
291,203
291,204
291,205
291,206
291,207
291,208
291,209
291,210
291,211
291,212
291,213
291,214
291,215
291,216
291,217
291,218
291,219
291,220
291,221
291,222
291,223
291,224
291,225
291,226
291,227
291,228
291,229
291,230
291,231
291,232
291,233
291,234
291,235
291,236
291,237
292,202
292,203
292,204
292,205
292,206
292,207
292,208
292,209
292,210
292,211
292,212
292,213
292,214
292,215
292,216
292,217
292,218
292,219
292,220
292,221
292,222
292,223
292,224
292,225
292,226
292,227
292,228
292,229
292,230
292,231
292,232
292,233
292,234
292,235
292,236
292,237
292,238
293,202
293,203
293,204
293,205
293,206
293,207
293,208
293,209
293,210
293,211
293,212
293,213
293,214
293,215
293,216
293,217
293,218
293,219
293,220
293,221
293,222
293,223
293,224
293,225
293,226
293,227
293,228
293,229
293,230
293,231
293,232
293,233
293,234
293,235
293,236
293,237
293,238
294,201
294,202
294,203
294,204
294,205
294,206
294,207
294,208
294,209
294,210
294,211
294,212
294,213
294,214
294,215
294,216
294,217
294,218
294,219
294,220
294,221
294,222
294,223
294,224
294,225
294,226
294,227
294,228
294,229
294,230
294,231
294,232
294,233
294,234
294,235
294,236
294,237
294,238
294,239
295,201
295,202
295,203
295,204
295,205
295,206
295,207
295,208
295,209
295,210
295,211
295,212
295,213
295,214
295,215
295,216
295,217
295,218
295,219
295,220
295,221
295,222
295,223
295,224
295,225
295,226
295,227
295,228
295,229
295,230
295,231
295,232
295,233
295,234
295,235
295,236
295,237
295,238
295,239
296,201
296,202
296,203
296,204
296,205
296,206
296,207
296,208
296,209
296,210
296,211
296,212
296,213
296,214
296,215
296,216
296,217
296,218
296,219
296,220
296,221
296,222
296,223
296,224
296,225
296,226
296,227
296,228
296,229
296,230
296,231
296,232
296,233
296,234
296,235
296,236
296,237
296,238
296,239
297,201
297,202
297,203
297,204
297,205
297,206
297,207
297,208
297,209
297,210
297,211
297,212
297,213
297,214
297,215
297,216
297,217
297,218
297,219
297,220
297,221
297,222
297,223
297,224
297,225
297,226
297,227
297,228
297,229
297,230
297,231
297,232
297,233
297,234
297,235
297,236
297,237
297,238
297,239
298,201
298,202
298,203
298,204
298,205
298,206
298,207
298,208
298,209
298,210
298,211
298,212
298,213
298,214
298,215
298,216
298,217
298,218
298,219
298,220
298,221
298,222
298,223
298,224
298,225
298,226
298,227
298,228
298,229
298,230
298,231
298,232
298,233
298,234
298,235
298,236
298,237
298,238
298,239
299,201
299,202
299,203
299,204
299,205
299,206
299,207
299,208
299,209
299,210
299,211
299,212
299,213
299,214
299,215
299,216
299,217
299,218
299,219
299,220
299,221
299,222
299,223
299,224
299,225
299,226
299,227
299,228
299,229
299,230
299,231
299,232
299,233
299,234
299,235
299,236
299,237
299,238
299,239
300,201
300,202
300,203
300,204
300,205
300,206
300,207
300,208
300,209
300,210
300,211
300,212
300,213
300,214
300,215
300,216
300,217
300,218
300,219
300,220
300,221
300,222
300,223
300,224
300,225
300,226
300,227
300,228
300,229
300,230
300,231
300,232
300,233
300,234
300,235
300,236
300,237
300,238
300,239
301,201
301,202
301,203
301,204
301,205
301,206
301,207
301,208
301,209
301,210
301,211
301,212
301,213
301,214
301,215
301,216
301,217
301,218
301,219
301,220
301,221
301,222
301,223
301,224
301,225
301,226
301,227
301,228
301,229
301,230
301,231
301,232
301,233
301,234
301,235
301,236
301,237
301,238
301,239
302,201
302,202
302,203
302,204
302,205
302,206
302,207
302,208
302,209
302,210
302,211
302,212
302,213
302,214
302,215
302,216
302,217
302,218
302,219
302,220
302,221
302,222
302,223
302,224
302,225
302,226
302,227
302,228
302,229
302,230
302,231
302,232
302,233
302,234
302,235
302,236
302,237
302,238
302,239
303,201
303,202
303,203
303,204
303,205
303,206
303,207
303,208
303,209
303,210
303,211
303,212
303,213
303,214
303,215
303,216
303,217
303,218
303,219
303,220
303,221
303,222
303,223
303,224
303,225
303,226
303,227
303,228
303,229
303,230
303,231
303,232
303,233
303,234
303,235
303,236
303,237
303,238
303,239
304,201
304,202
304,203
304,204
304,205
304,206
304,207
304,208
304,209
304,210
304,211
304,212
304,213
304,214
304,215
304,216
304,217
304,218
304,219
304,220
304,221
304,222
304,223
304,224
304,225
304,226
304,227
304,228
304,229
304,230
304,231
304,232
304,233
304,234
304,235
304,236
304,237
304,238
304,239
305,201
305,202
305,203
305,204
305,205
305,206
305,207
305,208
305,209
305,210
305,211
305,212
305,213
305,214
305,215
305,216
305,217
305,218
305,219
305,220
305,221
305,222
305,223
305,224
305,225
305,226
305,227
305,228
305,229
305,230
305,231
305,232
305,233
305,234
305,235
305,236
305,237
305,238
305,239
306,201
306,202
306,203
306,204
306,205
306,206
306,207
306,208
306,209
306,210
306,211
306,212
306,213
306,214
306,215
306,216
306,217
306,218
306,219
306,220
306,221
306,222
306,223
306,224
306,225
306,226
306,227
306,228
306,229
306,230
306,231
306,232
306,233
306,234
306,235
306,236
306,237
306,238
306,239
307,202
307,203
307,204
307,205
307,206
307,207
307,208
307,209
307,210
307,211
307,212
307,213
307,214
307,215
307,216
307,217
307,218
307,219
307,220
307,221
307,222
307,223
307,224
307,225
307,226
307,227
307,228
307,229
307,230
307,231
307,232
307,233
307,234
307,235
307,236
307,237
307,238
308,202
308,203
308,204
308,205
308,206
308,207
308,208
308,209
308,210
308,211
308,212
308,213
308,214
308,215
308,216
308,217
308,218
308,219
308,220
308,221
308,222
308,223
308,224
308,225
308,226
308,227
308,228
308,229
308,230
308,231
308,232
308,233
308,234
308,235
308,236
308,237
308,238
309,203
309,204
309,205
309,206
309,207
309,208
309,209
309,210
309,211
309,212
309,213
309,214
309,215
309,216
309,217
309,218
309,219
309,220
309,221
309,222
309,223
309,224
309,225
309,226
309,227
309,228
309,229
309,230
309,231
309,232
309,233
309,234
309,235
309,236
309,237
310,203
310,204
310,205
310,206
310,207
310,208
310,209
310,210
310,211
310,212
310,213
310,214
310,215
310,216
310,217
310,218
310,219
310,220
310,221
310,222
310,223
310,224
310,225
310,226
310,227
310,228
310,229
310,230
310,231
310,232
310,233
310,234
310,235
310,236
310,237
311,204
311,205
311,206
311,207
311,208
311,209
311,210
311,211
311,212
311,213
311,214
311,215
311,216
311,217
311,218
311,219
311,220
311,221
311,222
311,223
311,224
311,225
311,226
311,227
311,228
311,229
311,230
311,231
311,232
311,233
311,234
311,235
311,236
312,205
312,206
312,207
312,208
312,209
312,210
312,211
312,212
312,213
312,214
312,215
312,216
312,217
312,218
312,219
312,220
312,221
312,222
312,223
312,224
312,225
312,226
312,227
312,228
312,229
312,230
312,231
312,232
312,233
312,234
312,235
313,205
313,206
313,207
313,208
313,209
313,210
313,211
313,212
313,213
313,214
313,215
313,216
313,217
313,218
313,219
313,220
313,221
313,222
313,223
313,224
313,225
313,226
313,227
313,228
313,229
313,230
313,231
313,232
313,233
313,234
313,235
314,206
314,207
314,208
314,209
314,210
314,211
314,212
314,213
314,214
314,215
314,216
314,217
314,218
314,219
314,220
314,221
314,222
314,223
314,224
314,225
314,226
314,227
314,228
314,229
314,230
314,231
314,232
314,233
314,234
315,207
315,208
315,209
315,210
315,211
315,212
315,213
315,214
315,215
315,216
315,217
315,218
315,219
315,220
315,221
315,222
315,223
315,224
315,225
315,226
315,227
315,228
315,229
315,230
315,231
315,232
315,233
316,209
316,210
316,211
316,212
316,213
316,214
316,215
316,216
316,217
316,218
316,219
316,220
316,221
316,222
316,223
316,224
316,225
316,226
316,227
316,228
316,229
316,230
316,231
317,210
317,211
317,212
317,213
317,214
317,215
317,216
317,217
317,218
317,219
317,220
317,221
317,222
317,223
317,224
317,225
317,226
317,227
317,228
317,229
317,230
318,212
318,213
318,214
318,215
318,216
318,217
318,218
318,219
318,220
318,221
318,222
318,223
318,224
318,225
318,226
318,227
318,228
319,214
319,215
319,216
319,217
319,218
319,219
319,220
319,221
319,222
319,223
319,224
319,225
319,226
