41,114
41,115
41,116
41,117
41,118
41,119
41,120
41,121
41,122
41,123
41,124
41,125
41,126
42,112
42,113
42,114
42,115
42,116
42,117
42,118
42,119
42,120
42,121
42,122
42,123
42,124
42,125
42,126
42,127
42,128
43,110
43,111
43,112
43,113
43,114
43,115
43,116
43,117
43,118
43,119
43,120
43,121
43,122
43,123
43,124
43,125
43,126
43,127
43,128
43,129
43,130
44,109
44,110
44,111
44,112
44,113
44,114
44,115
44,116
44,117
44,118
44,119
44,120
44,121
44,122
44,123
44,124
44,125
44,126
44,127
44,128
44,129
44,130
44,131
45,107
45,108
45,109
45,110
45,111
45,112
45,113
45,114
45,115
45,116
45,117
45,118
45,119
45,120
45,121
45,122
45,123
45,124
45,125
45,126
45,127
45,128
45,129
45,130
45,131
45,132
45,133
46,106
46,107
46,108
46,109
46,110
46,111
46,112
46,113
46,114
46,115
46,116
46,117
46,118
46,119
46,120
46,121
46,122
46,123
46,124
46,125
46,126
46,127
46,128
46,129
46,130
46,131
46,132
46,133
46,134
47,105
47,106
47,107
47,108
47,109
47,110
47,111
47,112
47,113
47,114
47,115
47,116
47,117
47,118
47,119
47,120
47,121
47,122
47,123
47,124
47,125
47,126
47,127
47,128
47,129
47,130
47,131
47,132
47,133
47,134
47,135
48,105
48,106
48,107
48,108
48,109
48,110
48,111
48,112
48,113
48,114
48,115
48,116
48,117
48,118
48,119
48,120
48,121
48,122
48,123
48,124
48,125
48,126
48,127
48,128
48,129
48,130
48,131
48,132
48,133
48,134
48,135
49,104
49,105
49,106
49,107
49,108
49,109
49,110
49,111
49,112
49,113
49,114
49,115
49,116
49,117
49,118
49,119
49,120
49,121
49,122
49,123
49,124
49,125
49,126
49,127
49,128
49,129
49,130
49,131
49,132
49,133
49,134
49,135
49,136
50,103
50,104
50,105
50,106
50,107
50,108
50,109
50,110
50,111
50,112
50,113
50,114
50,115
50,116
50,117
50,118
50,119
50,120
50,121
50,122
50,123
50,124
50,125
50,126
50,127
50,128
50,129
50,130
50,131
50,132
50,133
50,134
50,135
50,136
50,137
51,103
51,104
51,105
51,106
51,107
51,108
51,109
51,110
51,111
51,112
51,113
51,114
51,115
51,116
51,117
51,118
51,119
51,120
51,121
51,122
51,123
51,124
51,125
51,126
51,127
51,128
51,129
51,130
51,131
51,132
51,133
51,134
51,135
51,136
51,137
52,102
52,103
52,104
52,105
52,106
52,107
52,108
52,109
52,110
52,111
52,112
52,113
52,114
52,115
52,116
52,117
52,118
52,119
52,120
52,121
52,122
52,123
52,124
52,125
52,126
52,127
52,128
52,129
52,130
52,131
52,132
52,133
52,134
52,135
52,136
52,137
52,138
53,102
53,103
53,104
53,105
53,106
53,107
53,108
53,109
53,110
53,111
53,112
53,113
53,114
53,115
53,116
53,117
53,118
53,119
53,120
53,121
53,122
53,123
53,124
53,125
53,126
53,127
53,128
53,129
53,130
53,131
53,132
53,133
53,134
53,135
53,136
53,137
53,138
54,101
54,102
54,103
54,104
54,105
54,106
54,107
54,108
54,109
54,110
54,111
54,112
54,113
54,114
54,115
54,116
54,117
54,118
54,119
54,120
54,121
54,122
54,123
54,124
54,125
54,126
54,127
54,128
54,129
54,130
54,131
54,132
54,133
54,134
54,135
54,136
54,137
54,138
54,139
55,101
55,102
55,103
55,104
55,105
55,106
55,107
55,108
55,109
55,110
55,111
55,112
55,113
55,114
55,115
55,116
55,117
55,118
55,119
55,120
55,121
55,122
55,123
55,124
55,125
55,126
55,127
55,128
55,129
55,130
55,131
55,132
55,133
55,134
55,135
55,136
55,137
55,138
55,139
56,101
56,102
56,103
56,104
56,105
56,106
56,107
56,108
56,109
56,110
56,111
56,112
56,113
56,114
56,115
56,116
56,117
56,118
56,119
56,120
56,121
56,122
56,123
56,124
56,125
56,126
56,127
56,128
56,129
56,130
56,131
56,132
56,133
56,134
56,135
56,136
56,137
56,138
56,139
57,101
57,102
57,103
57,104
57,105
57,106
57,107
57,108
57,109
57,110
57,111
57,112
57,113
57,114
57,115
57,116
57,117
57,118
57,119
57,120
57,121
57,122
57,123
57,124
57,125
57,126
57,127
57,128
57,129
57,130
57,131
57,132
57,133
57,134
57,135
57,136
57,137
57,138
57,139
58,101
58,102
58,103
58,104
58,105
58,106
58,107
58,108
58,109
58,110
58,111
58,112
58,113
58,114
58,115
58,116
58,117
58,118
58,119
58,120
58,121
58,122
58,123
58,124
58,125
58,126
58,127
58,128
58,129
58,130
58,131
58,132
58,133
58,134
58,135
58,136
58,137
58,138
58,139
59,101
59,102
59,103
59,104
59,105
59,106
59,107
59,108
59,109
59,110
59,111
59,112
59,113
59,114
59,115
59,116
59,117
59,118
59,119
59,120
59,121
59,122
59,123
59,124
59,125
59,126
59,127
59,128
59,129
59,130
59,131
59,132
59,133
59,134
59,135
59,136
59,137
59,138
59,139
60,101
60,102
60,103
60,104
60,105
60,106
60,107
60,108
60,109
60,110
60,111
60,112
60,113
60,114
60,115
60,116
60,117
60,118
60,119
60,120
60,121
60,122
60,123
60,124
60,125
60,126
60,127
60,128
60,129
60,130
60,131
60,132
60,133
60,134
60,135
60,136
60,137
60,138
60,139
61,101
61,102
61,103
61,104
61,105
61,106
61,107
61,108
61,109
61,110
61,111
61,112
61,113
61,114
61,115
61,116
61,117
61,118
61,119
61,120
61,121
61,122
61,123
61,124
61,125
61,126
61,127
61,128
61,129
61,130
61,131
61,132
61,133
61,134
61,135
61,136
61,137
61,138
61,139
62,101
62,102
62,103
62,104
62,105
62,106
62,107
62,108
62,109
62,110
62,111
62,112
62,113
62,114
62,115
62,116
62,117
62,118
62,119
62,120
62,121
62,122
62,123
62,124
62,125
62,126
62,127
62,128
62,129
62,130
62,131
62,132
62,133
62,134
62,135
62,136
62,137
62,138
62,139
63,101
63,102
63,103
63,104
63,105
63,106
63,107
63,108
63,109
63,110
63,111
63,112
63,113
63,114
63,115
63,116
63,117
63,118
63,119
63,120
63,121
63,122
63,123
63,124
63,125
63,126
63,127
63,128
63,129
63,130
63,131
63,132
63,133
63,134
63,135
63,136
63,137
63,138
63,139
64,101
64,102
64,103
64,104
64,105
64,106
64,107
64,108
64,109
64,110
64,111
64,112
64,113
64,114
64,115
64,116
64,117
64,118
64,119
64,120
64,121
64,122
64,123
64,124
64,125
64,126
64,127
64,128
64,129
64,130
64,131
64,132
64,133
64,134
64,135
64,136
64,137
64,138
64,139
65,101
65,102
65,103
65,104
65,105
65,106
65,107
65,108
65,109
65,110
65,111
65,112
65,113
65,114
65,115
65,116
65,117
65,118
65,119
65,120
65,121
65,122
65,123
65,124
65,125
65,126
65,127
65,128
65,129
65,130
65,131
65,132
65,133
65,134
65,135
65,136
65,137
65,138
65,139
66,101
66,102
66,103
66,104
66,105
66,106
66,107
66,108
66,109
66,110
66,111
66,112
66,113
66,114
66,115
66,116
66,117
66,118
66,119
66,120
66,121
66,122
66,123
66,124
66,125
66,126
66,127
66,128
66,129
66,130
66,131
66,132
66,133
66,134
66,135
66,136
66,137
66,138
66,139
67,102
67,103
67,104
67,105
67,106
67,107
67,108
67,109
67,110
67,111
67,112
67,113
67,114
67,115
67,116
67,117
67,118
67,119
67,120
67,121
67,122
67,123
67,124
67,125
67,126
67,127
67,128
67,129
67,130
67,131
67,132
67,133
67,134
67,135
67,136
67,137
67,138
68,102
68,103
68,104
68,105
68,106
68,107
68,108
68,109
68,110
68,111
68,112
68,113
68,114
68,115
68,116
68,117
68,118
68,119
68,120
68,121
68,122
68,123
68,124
68,125
68,126
68,127
68,128
68,129
68,130
68,131
68,132
68,133
68,134
68,135
68,136
68,137
68,138
69,103
69,104
69,105
69,106
69,107
69,108
69,109
69,110
69,111
69,112
69,113
69,114
69,115
69,116
69,117
69,118
69,119
69,120
69,121
69,122
69,123
69,124
69,125
69,126
69,127
69,128
69,129
69,130
69,131
69,132
69,133
69,134
69,135
69,136
69,137
70,103
70,104
70,105
70,106
70,107
70,108
70,109
70,110
70,111
70,112
70,113
70,114
70,115
70,116
70,117
70,118
70,119
70,120
70,121
70,122
70,123
70,124
70,125
70,126
70,127
70,128
70,129
70,130
70,131
70,132
70,133
70,134
70,135
70,136
70,137
71,104
71,105
71,106
71,107
71,108
71,109
71,110
71,111
71,112
71,113
71,114
71,115
71,116
71,117
71,118
71,119
71,120
71,121
71,122
71,123
71,124
71,125
71,126
71,127
71,128
71,129
71,130
71,131
71,132
71,133
71,134
71,135
71,136
72,105
72,106
72,107
72,108
72,109
72,110
72,111
72,112
72,113
72,114
72,115
72,116
72,117
72,118
72,119
72,120
72,121
72,122
72,123
72,124
72,125
72,126
72,127
72,128
72,129
72,130
72,131
72,132
72,133
72,134
72,135
73,105
73,106
73,107
73,108
73,109
73,110
73,111
73,112
73,113
73,114
73,115
73,116
73,117
73,118
73,119
73,120
73,121
73,122
73,123
73,124
73,125
73,126
73,127
73,128
73,129
73,130
73,131
73,132
73,133
73,134
73,135
74,106
74,107
74,108
74,109
74,110
74,111
74,112
74,113
74,114
74,115
74,116
74,117
74,118
74,119
74,120
74,121
74,122
74,123
74,124
74,125
74,126
74,127
74,128
74,129
74,130
74,131
74,132
74,133
74,134
75,107
75,108
75,109
75,110
75,111
75,112
75,113
75,114
75,115
75,116
75,117
75,118
75,119
75,120
75,121
75,122
75,123
75,124
75,125
75,126
75,127
75,128
75,129
75,130
75,131
75,132
75,133
76,109
76,110
76,111
76,112
76,113
76,114
76,115
76,116
76,117
76,118
76,119
76,120
76,121
76,122
76,123
76,124
76,125
76,126
76,127
76,128
76,129
76,130
76,131
77,110
77,111
77,112
77,113
77,114
77,115
77,116
77,117
77,118
77,119
77,120
77,121
77,122
77,123
77,124
77,125
77,126
77,127
77,128
77,129
77,130
78,112
78,113
78,114
78,115
78,116
78,117
78,118
78,119
78,120
78,121
78,122
78,123
78,124
78,125
78,126
78,127
78,128
79,114
79,115
79,116
79,117
79,118
79,119
79,120
79,121
79,122
79,123
79,124
79,125
79,126
-19,194
-19,195
-19,196
-19,197
-19,198
-19,199
-19,200
-19,201
-19,202
-19,203
-19,204
-19,205
-19,206
-18,192
-18,193
-18,194
-18,195
-18,196
-18,197
-18,198
-18,199
-18,200
-18,201
-18,202
-18,203
-18,204
-18,205
-18,206
-18,207
-18,208
-17,190
-17,191
-17,192
-17,193
-17,194
-17,195
-17,196
-17,197
-17,198
-17,199
-17,200
-17,201
-17,202
-17,203
-17,204
-17,205
-17,206
-17,207
-17,208
-17,209
-17,210
-16,189
-16,190
-16,191
-16,192
-16,193
-16,194
-16,195
-16,196
-16,197
-16,198
-16,199
-16,200
-16,201
-16,202
-16,203
-16,204
-16,205
-16,206
-16,207
-16,208
-16,209
-16,210
-16,211
-15,187
-15,188
-15,189
-15,190
-15,191
-15,192
-15,193
-15,194
-15,195
-15,196
-15,197
-15,198
-15,199
-15,200
-15,201
-15,202
-15,203
-15,204
-15,205
-15,206
-15,207
-15,208
-15,209
-15,210
-15,211
-15,212
-15,213
-14,186
-14,187
-14,188
-14,189
-14,190
-14,191
-14,192
-14,193
-14,194
-14,195
-14,196
-14,197
-14,198
-14,199
-14,200
-14,201
-14,202
-14,203
-14,204
-14,205
-14,206
-14,207
-14,208
-14,209
-14,210
-14,211
-14,212
-14,213
-14,214
-13,185
-13,186
-13,187
-13,188
-13,189
-13,190
-13,191
-13,192
-13,193
-13,194
-13,195
-13,196
-13,197
-13,198
-13,199
-13,200
-13,201
-13,202
-13,203
-13,204
-13,205
-13,206
-13,207
-13,208
-13,209
-13,210
-13,211
-13,212
-13,213
-13,214
-13,215
-12,185
-12,186
-12,187
-12,188
-12,189
-12,190
-12,191
-12,192
-12,193
-12,194
-12,195
-12,196
-12,197
-12,198
-12,199
-12,200
-12,201
-12,202
-12,203
-12,204
-12,205
-12,206
-12,207
-12,208
-12,209
-12,210
-12,211
-12,212
-12,213
-12,214
-12,215
-11,184
-11,185
-11,186
-11,187
-11,188
-11,189
-11,190
-11,191
-11,192
-11,193
-11,194
-11,195
-11,196
-11,197
-11,198
-11,199
-11,200
-11,201
-11,202
-11,203
-11,204
-11,205
-11,206
-11,207
-11,208
-11,209
-11,210
-11,211
-11,212
-11,213
-11,214
-11,215
-11,216
-10,183
-10,184
-10,185
-10,186
-10,187
-10,188
-10,189
-10,190
-10,191
-10,192
-10,193
-10,194
-10,195
-10,196
-10,197
-10,198
-10,199
-10,200
-10,201
-10,202
-10,203
-10,204
-10,205
-10,206
-10,207
-10,208
-10,209
-10,210
-10,211
-10,212
-10,213
-10,214
-10,215
-10,216
-10,217
-9,183
-9,184
-9,185
-9,186
-9,187
-9,188
-9,189
-9,190
-9,191
-9,192
-9,193
-9,194
-9,195
-9,196
-9,197
-9,198
-9,199
-9,200
-9,201
-9,202
-9,203
-9,204
-9,205
-9,206
-9,207
-9,208
-9,209
-9,210
-9,211
-9,212
-9,213
-9,214
-9,215
-9,216
-9,217
-8,182
-8,183
-8,184
-8,185
-8,186
-8,187
-8,188
-8,189
-8,190
-8,191
-8,192
-8,193
-8,194
-8,195
-8,196
-8,197
-8,198
-8,199
-8,200
-8,201
-8,202
-8,203
-8,204
-8,205
-8,206
-8,207
-8,208
-8,209
-8,210
-8,211
-8,212
-8,213
-8,214
-8,215
-8,216
-8,217
-8,218
-7,182
-7,183
-7,184
-7,185
-7,186
-7,187
-7,188
-7,189
-7,190
-7,191
-7,192
-7,193
-7,194
-7,195
-7,196
-7,197
-7,198
-7,199
-7,200
-7,201
-7,202
-7,203
-7,204
-7,205
-7,206
-7,207
-7,208
-7,209
-7,210
-7,211
-7,212
-7,213
-7,214
-7,215
-7,216
-7,217
-7,218
-6,181
-6,182
-6,183
-6,184
-6,185
-6,186
-6,187
-6,188
-6,189
-6,190
-6,191
-6,192
-6,193
-6,194
-6,195
-6,196
-6,197
-6,198
-6,199
-6,200
-6,201
-6,202
-6,203
-6,204
-6,205
-6,206
-6,207
-6,208
-6,209
-6,210
-6,211
-6,212
-6,213
-6,214
-6,215
-6,216
-6,217
-6,218
-6,219
-5,181
-5,182
-5,183
-5,184
-5,185
-5,186
-5,187
-5,188
-5,189
-5,190
-5,191
-5,192
-5,193
-5,194
-5,195
-5,196
-5,197
-5,198
-5,199
-5,200
-5,201
-5,202
-5,203
-5,204
-5,205
-5,206
-5,207
-5,208
-5,209
-5,210
-5,211
-5,212
-5,213
-5,214
-5,215
-5,216
-5,217
-5,218
-5,219
-4,181
-4,182
-4,183
-4,184
-4,185
-4,186
-4,187
-4,188
-4,189
-4,190
-4,191
-4,192
-4,193
-4,194
-4,195
-4,196
-4,197
-4,198
-4,199
-4,200
-4,201
-4,202
-4,203
-4,204
-4,205
-4,206
-4,207
-4,208
-4,209
-4,210
-4,211
-4,212
-4,213
-4,214
-4,215
-4,216
-4,217
-4,218
-4,219
-3,181
-3,182
-3,183
-3,184
-3,185
-3,186
-3,187
-3,188
-3,189
-3,190
-3,191
-3,192
-3,193
-3,194
-3,195
-3,196
-3,197
-3,198
-3,199
-3,200
-3,201
-3,202
-3,203
-3,204
-3,205
-3,206
-3,207
-3,208
-3,209
-3,210
-3,211
-3,212
-3,213
-3,214
-3,215
-3,216
-3,217
-3,218
-3,219
-2,181
-2,182
-2,183
-2,184
-2,185
-2,186
-2,187
-2,188
-2,189
-2,190
-2,191
-2,192
-2,193
-2,194
-2,195
-2,196
-2,197
-2,198
-2,199
-2,200
-2,201
-2,202
-2,203
-2,204
-2,205
-2,206
-2,207
-2,208
-2,209
-2,210
-2,211
-2,212
-2,213
-2,214
-2,215
-2,216
-2,217
-2,218
-2,219
-1,181
-1,182
-1,183
-1,184
-1,185
-1,186
-1,187
-1,188
-1,189
-1,190
-1,191
-1,192
-1,193
-1,194
-1,195
-1,196
-1,197
-1,198
-1,199
-1,200
-1,201
-1,202
-1,203
-1,204
-1,205
-1,206
-1,207
-1,208
-1,209
-1,210
-1,211
-1,212
-1,213
-1,214
-1,215
-1,216
-1,217
-1,218
-1,219
0,181
0,182
0,183
0,184
0,185
0,186
0,187
0,188
0,189
0,190
0,191
0,192
0,193
0,194
0,195
0,196
0,197
0,198
0,199
0,200
0,201
0,202
0,203
0,204
0,205
0,206
0,207
0,208
0,209
0,210
0,211
0,212
0,213
0,214
0,215
0,216
0,217
0,218
0,219
1,181
1,182
1,183
1,184
1,185
1,186
1,187
1,188
1,189
1,190
1,191
1,192
1,193
1,194
1,195
1,196
1,197
1,198
1,199
1,200
1,201
1,202
1,203
1,204
1,205
1,206
1,207
1,208
1,209
1,210
1,211
1,212
1,213
1,214
1,215
1,216
1,217
1,218
1,219
2,181
2,182
2,183
2,184
2,185
2,186
2,187
2,188
2,189
2,190
2,191
2,192
2,193
2,194
2,195
2,196
2,197
2,198
2,199
2,200
2,201
2,202
2,203
2,204
2,205
2,206
2,207
2,208
2,209
2,210
2,211
2,212
2,213
2,214
2,215
2,216
2,217
2,218
2,219
3,181
3,182
3,183
3,184
3,185
3,186
3,187
3,188
3,189
3,190
3,191
3,192
3,193
3,194
3,195
3,196
3,197
3,198
3,199
3,200
3,201
3,202
3,203
3,204
3,205
3,206
3,207
3,208
3,209
3,210
3,211
3,212
3,213
3,214
3,215
3,216
3,217
3,218
3,219
4,181
4,182
4,183
4,184
4,185
4,186
4,187
4,188
4,189
4,190
4,191
4,192
4,193
4,194
4,195
4,196
4,197
4,198
4,199
4,200
4,201
4,202
4,203
4,204
4,205
4,206
4,207
4,208
4,209
4,210
4,211
4,212
4,213
4,214
4,215
4,216
4,217
4,218
4,219
5,181
5,182
5,183
5,184
5,185
5,186
5,187
5,188
5,189
5,190
5,191
5,192
5,193
5,194
5,195
5,196
5,197
5,198
5,199
5,200
5,201
5,202
5,203
5,204
5,205
5,206
5,207
5,208
5,209
5,210
5,211
5,212
5,213
5,214
5,215
5,216
5,217
5,218
5,219
6,181
6,182
6,183
6,184
6,185
6,186
6,187
6,188
6,189
6,190
6,191
6,192
6,193
6,194
6,195
6,196
6,197
6,198
6,199
6,200
6,201
6,202
6,203
6,204
6,205
6,206
6,207
6,208
6,209
6,210
6,211
6,212
6,213
6,214
6,215
6,216
6,217
6,218
6,219
7,182
7,183
7,184
7,185
7,186
7,187
7,188
7,189
7,190
7,191
7,192
7,193
7,194
7,195
7,196
7,197
7,198
7,199
7,200
7,201
7,202
7,203
7,204
7,205
7,206
7,207
7,208
7,209
7,210
7,211
7,212
7,213
7,214
7,215
7,216
7,217
7,218
8,182
8,183
8,184
8,185
8,186
8,187
8,188
8,189
8,190
8,191
8,192
8,193
8,194
8,195
8,196
8,197
8,198
8,199
8,200
8,201
8,202
8,203
8,204
8,205
8,206
8,207
8,208
8,209
8,210
8,211
8,212
8,213
8,214
8,215
8,216
8,217
8,218
9,183
9,184
9,185
9,186
9,187
9,188
9,189
9,190
9,191
9,192
9,193
9,194
9,195
9,196
9,197
9,198
9,199
9,200
9,201
9,202
9,203
9,204
9,205
9,206
9,207
9,208
9,209
9,210
9,211
9,212
9,213
9,214
9,215
9,216
9,217
10,183
10,184
10,185
10,186
10,187
10,188
10,189
10,190
10,191
10,192
10,193
10,194
10,195
10,196
10,197
10,198
10,199
10,200
10,201
10,202
10,203
10,204
10,205
10,206
10,207
10,208
10,209
10,210
10,211
10,212
10,213
10,214
10,215
10,216
10,217
11,184
11,185
11,186
11,187
11,188
11,189
11,190
11,191
11,192
11,193
11,194
11,195
11,196
11,197
11,198
11,199
11,200
11,201
11,202
11,203
11,204
11,205
11,206
11,207
11,208
11,209
11,210
11,211
11,212
11,213
11,214
11,215
11,216
12,185
12,186
12,187
12,188
12,189
12,190
12,191
12,192
12,193
12,194
12,195
12,196
12,197
12,198
12,199
12,200
12,201
12,202
12,203
12,204
12,205
12,206
12,207
12,208
12,209
12,210
12,211
12,212
12,213
12,214
12,215
13,185
13,186
13,187
13,188
13,189
13,190
13,191
13,192
13,193
13,194
13,195
13,196
13,197
13,198
13,199
13,200
13,201
13,202
13,203
13,204
13,205
13,206
13,207
13,208
13,209
13,210
13,211
13,212
13,213
13,214
13,215
14,186
14,187
14,188
14,189
14,190
14,191
14,192
14,193
14,194
14,195
14,196
14,197
14,198
14,199
14,200
14,201
14,202
14,203
14,204
14,205
14,206
14,207
14,208
14,209
14,210
14,211
14,212
14,213
14,214
15,187
15,188
15,189
15,190
15,191
15,192
15,193
15,194
15,195
15,196
15,197
15,198
15,199
15,200
15,201
15,202
15,203
15,204
15,205
15,206
15,207
15,208
15,209
15,210
15,211
15,212
15,213
16,189
16,190
16,191
16,192
16,193
16,194
16,195
16,196
16,197
16,198
16,199
16,200
16,201
16,202
16,203
16,204
16,205
16,206
16,207
16,208
16,209
16,210
16,211
17,190
17,191
17,192
17,193
17,194
17,195
17,196
17,197
17,198
17,199
17,200
17,201
17,202
17,203
17,204
17,205
17,206
17,207
17,208
17,209
17,210
18,192
18,193
18,194
18,195
18,196
18,197
18,198
18,199
18,200
18,201
18,202
18,203
18,204
18,205
18,206
18,207
18,208
19,194
19,195
19,196
19,197
19,198
19,199
19,200
19,201
19,202
19,203
19,204
19,205
19,206
401,174
401,175
401,176
401,177
401,178
401,179
401,180
401,181
401,182
401,183
401,184
401,185
401,186
402,172
402,173
402,174
402,175
402,176
402,177
402,178
402,179
402,180
402,181
402,182
402,183
402,184
402,185
402,186
402,187
402,188
403,170
403,171
403,172
403,173
403,174
403,175
403,176
403,177
403,178
403,179
403,180
403,181
403,182
403,183
403,184
403,185
403,186
403,187
403,188
403,189
403,190
404,169
404,170
404,171
404,172
404,173
404,174
404,175
404,176
404,177
404,178
404,179
404,180
404,181
404,182
404,183
404,184
404,185
404,186
404,187
404,188
404,189
404,190
404,191
405,167
405,168
405,169
405,170
405,171
405,172
405,173
405,174
405,175
405,176
405,177
405,178
405,179
405,180
405,181
405,182
405,183
405,184
405,185
405,186
405,187
405,188
405,189
405,190
405,191
405,192
405,193
406,166
406,167
406,168
406,169
406,170
406,171
406,172
406,173
406,174
406,175
406,176
406,177
406,178
406,179
406,180
406,181
406,182
406,183
406,184
406,185
406,186
406,187
406,188
406,189
406,190
406,191
406,192
406,193
406,194
407,165
407,166
407,167
407,168
407,169
407,170
407,171
407,172
407,173
407,174
407,175
407,176
407,177
407,178
407,179
407,180
407,181
407,182
407,183
407,184
407,185
407,186
407,187
407,188
407,189
407,190
407,191
407,192
407,193
407,194
407,195
408,165
408,166
408,167
408,168
408,169
408,170
408,171
408,172
408,173
408,174
408,175
408,176
408,177
408,178
408,179
408,180
408,181
408,182
408,183
408,184
408,185
408,186
408,187
408,188
408,189
408,190
408,191
408,192
408,193
408,194
408,195
409,164
409,165
409,166
409,167
409,168
409,169
409,170
409,171
409,172
409,173
409,174
409,175
409,176
409,177
409,178
409,179
409,180
409,181
409,182
409,183
409,184
409,185
409,186
409,187
409,188
409,189
409,190
409,191
409,192
409,193
409,194
409,195
409,196
410,163
410,164
410,165
410,166
410,167
410,168
410,169
410,170
410,171
410,172
410,173
410,174
410,175
410,176
410,177
410,178
410,179
410,180
410,181
410,182
410,183
410,184
410,185
410,186
410,187
410,188
410,189
410,190
410,191
410,192
410,193
410,194
410,195
410,196
410,197
411,163
411,164
411,165
411,166
411,167
411,168
411,169
411,170
411,171
411,172
411,173
411,174
411,175
411,176
411,177
411,178
411,179
411,180
411,181
411,182
411,183
411,184
411,185
411,186
411,187
411,188
411,189
411,190
411,191
411,192
411,193
411,194
411,195
411,196
411,197
412,162
412,163
412,164
412,165
412,166
412,167
412,168
412,169
412,170
412,171
412,172
412,173
412,174
412,175
412,176
412,177
412,178
412,179
412,180
412,181
412,182
412,183
412,184
412,185
412,186
412,187
412,188
412,189
412,190
412,191
412,192
412,193
412,194
412,195
412,196
412,197
412,198
413,162
413,163
413,164
413,165
413,166
413,167
413,168
413,169
413,170
413,171
413,172
413,173
413,174
413,175
413,176
413,177
413,178
413,179
413,180
413,181
413,182
413,183
413,184
413,185
413,186
413,187
413,188
413,189
413,190
413,191
413,192
413,193
413,194
413,195
413,196
413,197
413,198
414,161
414,162
414,163
414,164
414,165
414,166
414,167
414,168
414,169
414,170
414,171
414,172
414,173
414,174
414,175
414,176
414,177
414,178
414,179
414,180
414,181
414,182
414,183
414,184
414,185
414,186
414,187
414,188
414,189
414,190
414,191
414,192
414,193
414,194
414,195
414,196
414,197
414,198
414,199
415,161
415,162
415,163
415,164
415,165
415,166
415,167
415,168
415,169
415,170
415,171
415,172
415,173
415,174
415,175
415,176
415,177
415,178
415,179
415,180
415,181
415,182
415,183
415,184
415,185
415,186
415,187
415,188
415,189
415,190
415,191
415,192
415,193
415,194
415,195
415,196
415,197
415,198
415,199
416,161
416,162
416,163
416,164
416,165
416,166
416,167
416,168
416,169
416,170
416,171
416,172
416,173
416,174
416,175
416,176
416,177
416,178
416,179
416,180
416,181
416,182
416,183
416,184
416,185
416,186
416,187
416,188
416,189
416,190
416,191
416,192
416,193
416,194
416,195
416,196
416,197
416,198
416,199
417,161
417,162
417,163
417,164
417,165
417,166
417,167
417,168
417,169
417,170
417,171
417,172
417,173
417,174
417,175
417,176
417,177
417,178
417,179
417,180
417,181
417,182
417,183
417,184
417,185
417,186
417,187
417,188
417,189
417,190
417,191
417,192
417,193
417,194
417,195
417,196
417,197
417,198
417,199
418,161
418,162
418,163
418,164
418,165
418,166
418,167
418,168
418,169
418,170
418,171
418,172
418,173
418,174
418,175
418,176
418,177
418,178
418,179
418,180
418,181
418,182
418,183
418,184
418,185
418,186
418,187
418,188
418,189
418,190
418,191
418,192
418,193
418,194
418,195
418,196
418,197
418,198
418,199
419,161
419,162
419,163
419,164
419,165
419,166
419,167
419,168
419,169
419,170
419,171
419,172
419,173
419,174
419,175
419,176
419,177
419,178
419,179
419,180
419,181
419,182
419,183
419,184
419,185
419,186
419,187
419,188
419,189
419,190
419,191
419,192
419,193
419,194
419,195
419,196
419,197
419,198
419,199
420,161
420,162
420,163
420,164
420,165
420,166
420,167
420,168
420,169
420,170
420,171
420,172
420,173
420,174
420,175
420,176
420,177
420,178
420,179
420,180
420,181
420,182
420,183
420,184
420,185
420,186
420,187
420,188
420,189
420,190
420,191
420,192
420,193
420,194
420,195
420,196
420,197
420,198
420,199
421,161
421,162
421,163
421,164
421,165
421,166
421,167
421,168
421,169
421,170
421,171
421,172
421,173
421,174
421,175
421,176
421,177
421,178
421,179
421,180
421,181
421,182
421,183
421,184
421,185
421,186
421,187
421,188
421,189
421,190
421,191
421,192
421,193
421,194
421,195
421,196
421,197
421,198
421,199
422,161
422,162
422,163
422,164
422,165
422,166
422,167
422,168
422,169
422,170
422,171
422,172
422,173
422,174
422,175
422,176
422,177
422,178
422,179
422,180
422,181
422,182
422,183
422,184
422,185
422,186
422,187
422,188
422,189
422,190
422,191
422,192
422,193
422,194
422,195
422,196
422,197
422,198
422,199
423,161
423,162
423,163
423,164
423,165
423,166
423,167
423,168
423,169
423,170
423,171
423,172
423,173
423,174
423,175
423,176
423,177
423,178
423,179
423,180
423,181
423,182
423,183
423,184
423,185
423,186
423,187
423,188
423,189
423,190
423,191
423,192
423,193
423,194
423,195
423,196
423,197
423,198
423,199
424,161
424,162
424,163
424,164
424,165
424,166
424,167
424,168
424,169
424,170
424,171
424,172
424,173
424,174
424,175
424,176
424,177
424,178
424,179
424,180
424,181
424,182
424,183
424,184
424,185
424,186
424,187
424,188
424,189
424,190
424,191
424,192
424,193
424,194
424,195
424,196
424,197
424,198
424,199
425,161
425,162
425,163
425,164
425,165
425,166
425,167
425,168
425,169
425,170
425,171
425,172
425,173
425,174
425,175
425,176
425,177
425,178
425,179
425,180
425,181
425,182
425,183
425,184
425,185
425,186
425,187
425,188
425,189
425,190
425,191
425,192
425,193
425,194
425,195
425,196
425,197
425,198
425,199
426,161
426,162
426,163
426,164
426,165
426,166
426,167
426,168
426,169
426,170
426,171
426,172
426,173
426,174
426,175
426,176
426,177
426,178
426,179
426,180
426,181
426,182
426,183
426,184
426,185
426,186
426,187
426,188
426,189
426,190
426,191
426,192
426,193
426,194
426,195
426,196
426,197
426,198
426,199
427,162
427,163
427,164
427,165
427,166
427,167
427,168
427,169
427,170
427,171
427,172
427,173
427,174
427,175
427,176
427,177
427,178
427,179
427,180
427,181
427,182
427,183
427,184
427,185
427,186
427,187
427,188
427,189
427,190
427,191
427,192
427,193
427,194
427,195
427,196
427,197
427,198
428,162
428,163
428,164
428,165
428,166
428,167
428,168
428,169
428,170
428,171
428,172
428,173
428,174
428,175
428,176
428,177
428,178
428,179
428,180
428,181
428,182
428,183
428,184
428,185
428,186
428,187
428,188
428,189
428,190
428,191
428,192
428,193
428,194
428,195
428,196
428,197
428,198
429,163
429,164
429,165
429,166
429,167
429,168
429,169
429,170
429,171
429,172
429,173
429,174
429,175
429,176
429,177
429,178
429,179
429,180
429,181
429,182
429,183
429,184
429,185
429,186
429,187
429,188
429,189
429,190
429,191
429,192
429,193
429,194
429,195
429,196
429,197
430,163
430,164
430,165
430,166
430,167
430,168
430,169
430,170
430,171
430,172
430,173
430,174
430,175
430,176
430,177
430,178
430,179
430,180
430,181
430,182
430,183
430,184
430,185
430,186
430,187
430,188
430,189
430,190
430,191
430,192
430,193
430,194
430,195
430,196
430,197
431,164
431,165
431,166
431,167
431,168
431,169
431,170
431,171
431,172
431,173
431,174
431,175
431,176
431,177
431,178
431,179
431,180
431,181
431,182
431,183
431,184
431,185
431,186
431,187
431,188
431,189
431,190
431,191
431,192
431,193
431,194
431,195
431,196
432,165
432,166
432,167
432,168
432,169
432,170
432,171
432,172
432,173
432,174
432,175
432,176
432,177
432,178
432,179
432,180
432,181
432,182
432,183
432,184
432,185
432,186
432,187
432,188
432,189
432,190
432,191
432,192
432,193
432,194
432,195
433,165
433,166
433,167
433,168
433,169
433,170
433,171
433,172
433,173
433,174
433,175
433,176
433,177
433,178
433,179
433,180
433,181
433,182
433,183
433,184
433,185
433,186
433,187
433,188
433,189
433,190
433,191
433,192
433,193
433,194
433,195
434,166
434,167
434,168
434,169
434,170
434,171
434,172
434,173
434,174
434,175
434,176
434,177
434,178
434,179
434,180
434,181
434,182
434,183
434,184
434,185
434,186
434,187
434,188
434,189
434,190
434,191
434,192
434,193
434,194
435,167
435,168
435,169
435,170
435,171
435,172
435,173
435,174
435,175
435,176
435,177
435,178
435,179
435,180
435,181
435,182
435,183
435,184
435,185
435,186
435,187
435,188
435,189
435,190
435,191
435,192
435,193
436,169
436,170
436,171
436,172
436,173
436,174
436,175
436,176
436,177
436,178
436,179
436,180
436,181
436,182
436,183
436,184
436,185
436,186
436,187
436,188
436,189
436,190
436,191
437,170
437,171
437,172
437,173
437,174
437,175
437,176
437,177
437,178
437,179
437,180
437,181
437,182
437,183
437,184
437,185
437,186
437,187
437,188
437,189
437,190
438,172
438,173
438,174
438,175
438,176
438,177
438,178
438,179
438,180
438,181
438,182
438,183
438,184
438,185
438,186
438,187
438,188
439,174
439,175
439,176
439,177
439,178
439,179
439,180
439,181
439,182
439,183
439,184
439,185
439,186
201,234
201,235
201,236
201,237
201,238
201,239
201,240
201,241
201,242
201,243
201,244
201,245
201,246
202,232
202,233
202,234
202,235
202,236
202,237
202,238
202,239
202,240
202,241
202,242
202,243
202,244
202,245
202,246
202,247
202,248
203,230
203,231
203,232
203,233
203,234
203,235
203,236
203,237
203,238
203,239
203,240
203,241
203,242
203,243
203,244
203,245
203,246
203,247
203,248
203,249
203,250
204,229
204,230
204,231
204,232
204,233
204,234
204,235
204,236
204,237
204,238
204,239
204,240
204,241
204,242
204,243
204,244
204,245
204,246
204,247
204,248
204,249
204,250
204,251
205,227
205,228
205,229
205,230
205,231
205,232
205,233
205,234
205,235
205,236
205,237
205,238
205,239
205,240
205,241
205,242
205,243
205,244
205,245
205,246
205,247
205,248
205,249
205,250
205,251
205,252
205,253
206,226
206,227
206,228
206,229
206,230
206,231
206,232
206,233
206,234
206,235
206,236
206,237
206,238
206,239
206,240
206,241
206,242
206,243
206,244
206,245
206,246
206,247
206,248
206,249
206,250
206,251
206,252
206,253
206,254
207,225
207,226
207,227
207,228
207,229
207,230
207,231
207,232
207,233
207,234
207,235
207,236
207,237
207,238
207,239
207,240
207,241
207,242
207,243
207,244
207,245
207,246
207,247
207,248
207,249
207,250
207,251
207,252
207,253
207,254
207,255
208,225
208,226
208,227
208,228
208,229
208,230
208,231
208,232
208,233
208,234
208,235
208,236
208,237
208,238
208,239
208,240
208,241
208,242
208,243
208,244
208,245
208,246
208,247
208,248
208,249
208,250
208,251
208,252
208,253
208,254
208,255
209,224
209,225
209,226
209,227
209,228
209,229
209,230
209,231
209,232
209,233
209,234
209,235
209,236
209,237
209,238
209,239
209,240
209,241
209,242
209,243
209,244
209,245
209,246
209,247
209,248
209,249
209,250
209,251
209,252
209,253
209,254
209,255
209,256
210,223
210,224
210,225
210,226
210,227
210,228
210,229
210,230
210,231
210,232
210,233
210,234
210,235
210,236
210,237
210,238
210,239
210,240
210,241
210,242
210,243
210,244
210,245
210,246
210,247
210,248
210,249
210,250
210,251
210,252
210,253
210,254
210,255
210,256
210,257
211,223
211,224
211,225
211,226
211,227
211,228
211,229
211,230
211,231
211,232
211,233
211,234
211,235
211,236
211,237
211,238
211,239
211,240
211,241
211,242
211,243
211,244
211,245
211,246
211,247
211,248
211,249
211,250
211,251
211,252
211,253
211,254
211,255
211,256
211,257
212,222
212,223
212,224
212,225
212,226
212,227
212,228
212,229
212,230
212,231
212,232
212,233
212,234
212,235
212,236
212,237
212,238
212,239
212,240
212,241
212,242
212,243
212,244
212,245
212,246
212,247
212,248
212,249
212,250
212,251
212,252
212,253
212,254
212,255
212,256
212,257
212,258
213,222
213,223
213,224
213,225
213,226
213,227
213,228
213,229
213,230
213,231
213,232
213,233
213,234
213,235
213,236
213,237
213,238
213,239
213,240
213,241
213,242
213,243
213,244
213,245
213,246
213,247
213,248
213,249
213,250
213,251
213,252
213,253
213,254
213,255
213,256
213,257
213,258
214,221
214,222
214,223
214,224
214,225
214,226
214,227
214,228
214,229
214,230
214,231
214,232
214,233
214,234
214,235
214,236
214,237
214,238
214,239
214,240
214,241
214,242
214,243
214,244
214,245
214,246
214,247
214,248
214,249
214,250
214,251
214,252
214,253
214,254
214,255
214,256
214,257
214,258
214,259
215,221
215,222
215,223
215,224
215,225
215,226
215,227
215,228
215,229
215,230
215,231
215,232
215,233
